Date,3M,10Y,20Y
19980101,5.22,5.75,5.94
19980102,5.18,5.67,5.94
19980105,5.09,5.52,5.82
19980106,5.08,5.49,5.8
19980107,5.09,5.55,5.88
19980108,5,5.49,5.82
19980109,4.92,5.4,5.77
19980112,4.91,5.39,5.76
19980113,5.03,5.41,5.76
19980114,5.04,5.45,5.79
19980115,5,5.48,5.81
19980116,5.02,5.54,5.87
19980119,5.02,5.54,#N/A
19980120,5.02,5.57,5.89
19980121,5,5.54,5.87
19980122,5,5.56,5.91
19980123,5.04,5.7,6.04
19980126,5.01,5.63,5.96
19980127,5.1,5.7,6.02
19980128,5.09,5.69,6.02
19980129,5.06,5.58,5.92
19980130,5.06,5.53,5.88
19980202,5.1,5.57,5.93
19980203,5.12,5.56,5.93
19980204,4.98,5.57,5.94
19980205,5.01,5.62,6
19980206,5.04,5.62,5.99
19980209,5.01,5.65,6.02
19980210,5.07,5.64,6
19980211,5.08,5.53,5.92
19980212,5.08,5.52,5.94
19980213,5.09,5.49,5.92
19980216,5.09,5.49,#N/A
19980217,5.04,5.44,5.86
19980218,5.06,5.49,5.9
19980219,5.07,5.51,5.91
19980220,5.08,5.54,5.93
19980223,5.12,5.58,5.97
19980224,5.13,5.69,6.04
19980225,5.17,5.63,5.99
19980226,5.2,5.65,6.01
19980227,5.18,5.62,5.99
19980302,5.18,5.72,6.09
19980303,5.09,5.77,6.14
19980304,5.05,5.76,6.11
19980305,5.04,5.78,6.14
19980306,5.02,5.73,6.09
19980309,5.03,5.67,6.04
19980310,4.96,5.67,6.03
19980311,4.96,5.63,6
19980312,4.95,5.56,5.94
19980313,4.96,5.58,5.95
19980316,4.97,5.54,5.92
19980317,5.01,5.56,5.95
19980318,5.03,5.58,5.97
19980319,5.04,5.58,5.97
19980320,5.05,5.57,5.95
19980323,5.02,5.57,5.95
19980324,5.03,5.58,5.95
19980325,5.04,5.64,6
19980326,5.08,5.68,6.02
19980327,5.08,5.68,6.03
19980330,5.09,5.72,6.06
19980331,5.02,5.67,6.02
19980401,4.99,5.62,5.98
19980402,4.97,5.56,5.92
19980403,4.95,5.47,5.85
19980406,4.97,5.51,5.89
19980407,4.94,5.53,5.91
19980408,4.93,5.58,5.96
19980409,4.94,5.59,5.95
19980410,4.94,5.59,#N/A
19980413,5.05,5.66,6.01
19980414,5.02,5.63,5.98
19980415,4.95,5.6,5.96
19980416,4.91,5.59,5.94
19980417,4.92,5.59,5.95
19980420,4.91,5.65,6
19980421,4.94,5.68,6.03
19980422,4.96,5.68,6.04
19980423,4.96,5.69,6.05
19980424,4.95,5.67,6.02
19980427,4.94,5.8,6.15
19980428,4.93,5.8,6.15
19980429,4.94,5.81,6.15
19980430,4.87,5.68,6.04
19980501,4.89,5.67,6.02
19980504,4.91,5.67,6.02
19980505,4.98,5.7,6.05
19980506,4.98,5.67,6.02
19980507,4.98,5.67,6.02
19980508,5,5.71,6.05
19980511,5,5.79,6.12
19980512,4.99,5.7,6.04
19980513,4.99,5.64,6.02
19980514,5.04,5.67,6.05
19980515,5.04,5.68,6.05
19980518,5.05,5.64,5.99
19980519,5.09,5.65,6.02
19980520,5.07,5.61,5.98
19980521,5.1,5.65,6.01
19980522,5.08,5.64,5.99
19980525,5.08,5.64,#N/A
19980526,5,5.59,5.94
19980527,4.96,5.56,5.93
19980528,4.93,5.58,5.93
19980529,4.89,5.56,5.9
19980601,4.85,5.53,5.87
19980602,4.95,5.56,5.89
19980603,5,5.57,5.89
19980604,4.98,5.59,5.91
19980605,4.98,5.58,5.89
19980608,5,5.58,5.89
19980609,5.03,5.59,5.89
19980610,5.01,5.51,5.8
19980611,4.97,5.44,5.74
19980612,4.99,5.43,5.75
19980615,4.98,5.38,5.7
19980616,5.06,5.45,5.75
19980617,5.09,5.54,5.84
19980618,5.05,5.5,5.8
19980619,5.03,5.47,5.78
19980622,4.99,5.46,5.77
19980623,4.97,5.45,5.74
19980624,4.91,5.46,5.76
19980625,4.89,5.46,5.76
19980626,4.87,5.46,5.74
19980629,4.89,5.47,5.75
19980630,4.97,5.44,5.73
19980701,4.96,5.44,5.73
19980702,4.94,5.42,5.7
19980703,4.94,5.42,#N/A
19980706,4.93,5.39,5.68
19980707,4.95,5.42,5.7
19980708,4.96,5.43,5.73
19980709,4.94,5.41,5.71
19980710,4.93,5.42,5.73
19980713,4.96,5.46,5.8
19980714,5.02,5.49,5.82
19980715,5.01,5.48,5.82
19980716,5.03,5.5,5.83
19980717,5.01,5.51,5.85
19980720,5,5.48,5.83
19980721,4.96,5.45,5.78
19980722,4.94,5.46,5.79
19980723,4.96,5.45,5.77
19980724,4.95,5.45,5.79
19980727,4.96,5.47,5.81
19980728,4.94,5.5,5.84
19980729,4.94,5.52,5.87
19980730,4.94,5.5,5.82
19980731,4.97,5.5,5.81
19980803,4.98,5.46,5.75
19980804,4.97,5.43,5.74
19980805,4.95,5.43,5.74
19980806,4.9,5.44,5.76
19980807,4.86,5.4,5.72
19980810,4.86,5.41,5.71
19980811,4.9,5.37,5.68
19980812,4.89,5.4,5.7
19980813,4.91,5.44,5.73
19980814,4.9,5.4,5.67
19980817,4.93,5.4,5.69
19980818,4.93,5.41,5.7
19980819,4.94,5.42,5.71
19980820,4.91,5.38,5.66
19980821,4.88,5.32,5.62
19980824,4.94,5.3,5.62
19980825,4.96,5.25,5.59
19980826,4.93,5.26,5.58
19980827,4.86,5.12,5.53
19980828,4.78,5.09,5.51
19980831,4.77,5.05,5.45
19980901,4.79,5.05,5.49
19980902,4.78,5.1,5.5
19980903,4.71,5.03,5.46
19980904,4.74,5.02,5.44
19980907,4.74,5.02,#N/A
19980908,4.74,5.04,5.5
19980909,4.76,4.95,5.43
19980910,4.66,4.76,5.33
19980911,4.75,4.85,5.37
19980914,4.72,4.87,5.39
19980915,4.67,4.9,5.41
19980916,4.62,4.88,5.38
19980917,4.58,4.8,5.37
19980918,4.51,4.7,5.35
19980921,4.56,4.69,5.35
19980922,4.69,4.73,5.36
19980923,4.55,4.69,5.34
19980924,4.44,4.64,5.34
19980925,4.41,4.6,5.3
19980928,4.36,4.61,5.33
19980929,4.43,4.59,5.29
19980930,4.26,4.44,5.17
19981001,4.13,4.33,5.09
19981002,4.12,4.31,5.05
19981005,4.06,4.16,4.93
19981006,4.08,4.24,5
19981007,4.05,4.34,5.09
19981008,3.8,4.56,5.29
19981009,3.79,4.77,5.5
19981012,3.79,4.77,#N/A
19981013,3.8,4.73,5.49
19981014,3.93,4.58,5.38
19981015,4.05,4.58,5.4
19981016,3.56,4.44,5.3
19981019,3.71,4.47,5.32
19981020,3.86,4.57,5.42
19981021,3.91,4.59,5.41
19981022,3.88,4.62,5.46
19981023,3.87,4.7,5.47
19981026,4,4.73,5.38
19981027,3.96,4.63,5.33
19981028,4.18,4.6,5.34
19981029,4.22,4.54,5.31
19981030,4.23,4.64,5.38
19981102,4.31,4.77,5.49
19981103,4.39,4.78,5.46
19981104,4.45,4.83,5.56
19981105,4.47,4.82,5.55
19981106,4.52,4.93,5.63
19981109,4.52,4.88,5.51
19981110,4.43,4.81,5.48
19981111,4.43,4.81,#N/A
19981112,4.37,4.77,5.46
19981113,4.36,4.82,5.46
19981116,4.41,4.85,5.47
19981117,4.31,4.87,5.51
19981118,4.33,4.85,5.44
19981119,4.35,4.85,5.45
19981120,4.35,4.82,5.44
19981123,4.48,4.84,5.49
19981124,4.51,4.85,5.47
19981125,4.46,4.83,5.45
19981126,4.46,4.83,#N/A
19981127,4.44,4.81,5.42
19981130,4.42,4.74,5.33
19981201,4.38,4.67,5.32
19981202,4.37,4.59,5.28
19981203,4.34,4.58,5.29
19981204,4.37,4.62,5.34
19981207,4.4,4.69,5.36
19981208,4.32,4.6,5.29
19981209,4.32,4.56,5.25
19981210,4.37,4.53,5.24
19981211,4.39,4.61,5.31
19981214,4.4,4.58,5.3
19981215,4.38,4.62,5.34
19981216,4.35,4.58,5.33
19981217,4.35,4.58,5.32
19981218,4.38,4.58,5.32
19981221,4.42,4.64,5.38
19981222,4.39,4.7,5.45
19981223,4.47,4.81,5.51
19981224,4.46,4.86,5.55
19981225,4.46,4.86,#N/A
19981228,4.45,4.78,5.47
19981229,4.48,4.71,5.41
19981230,4.44,4.65,5.4
19981231,4.37,4.65,5.39
19990101,4.37,4.65,#N/A
19990104,4.38,4.69,5.42
19990105,4.37,4.74,5.48
19990106,4.36,4.73,5.42
19990107,4.33,4.77,5.48
19990108,4.37,4.86,5.57
19990111,4.39,4.9,5.61
19990112,4.37,4.82,5.55
19990113,4.34,4.74,5.49
19990114,4.33,4.63,5.39
19990115,4.33,4.66,5.43
19990118,4.33,4.66,#N/A
19990119,4.29,4.71,5.46
19990120,4.26,4.76,5.48
19990121,4.22,4.7,5.43
19990122,4.26,4.64,5.38
19990125,4.31,4.67,5.4
19990126,4.35,4.69,5.41
19990127,4.36,4.68,5.4
19990128,4.38,4.67,5.37
19990129,4.37,4.66,5.35
19990201,4.42,4.75,5.45
19990202,4.42,4.79,5.51
19990203,4.37,4.83,5.52
19990204,4.38,4.89,5.57
19990205,4.39,4.94,5.61
19990208,4.4,4.94,5.61
19990209,4.42,4.91,5.58
19990210,4.37,4.9,5.58
19990211,4.39,4.93,5.58
19990212,4.43,5.06,5.76
19990215,4.43,5.06,#N/A
19990216,4.41,5.03,5.69
19990217,4.41,4.98,5.65
19990218,4.42,5.04,5.7
19990219,4.45,5.07,5.71
19990222,4.5,5.03,5.67
19990223,4.54,5.1,5.74
19990224,4.55,5.18,5.82
19990225,4.51,5.32,5.9
19990226,4.55,5.29,5.85
19990301,4.58,5.4,5.94
19990302,4.53,5.35,5.88
19990303,4.49,5.39,5.95
19990304,4.49,5.41,5.97
19990305,4.5,5.34,5.91
19990308,4.51,5.29,5.9
19990309,4.47,5.18,5.84
19990310,4.47,5.2,5.86
19990311,4.49,5.21,5.87
19990312,4.47,5.16,5.82
19990315,4.46,5.15,5.79
19990316,4.43,5.11,5.75
19990317,4.41,5.14,5.78
19990318,4.39,5.11,5.77
19990319,4.39,5.17,5.82
19990322,4.4,5.21,5.87
19990323,4.38,5.2,5.87
19990324,4.38,5.17,5.84
19990325,4.39,5.21,5.88
19990326,4.39,5.21,5.9
19990329,4.39,5.28,5.94
19990330,4.36,5.21,5.89
19990331,4.37,5.25,5.92
19990401,4.32,5.27,5.96
19990402,4.31,5.27,5.88
19990405,4.29,5.2,5.88
19990406,4.3,5.13,5.8
19990407,4.3,5.14,5.8
19990408,4.28,5.03,5.71
19990409,4.3,5.05,5.73
19990412,4.22,5.06,5.72
19990413,4.2,5.12,5.77
19990414,4.18,5.13,5.77
19990415,4.2,5.18,5.8
19990416,4.22,5.23,5.85
19990419,4.22,5.18,5.81
19990420,4.26,5.16,5.79
19990421,4.24,5.17,5.8
19990422,4.28,5.25,5.89
19990423,4.31,5.26,5.87
19990426,4.35,5.23,5.84
19990427,4.38,5.22,5.82
19990428,4.39,5.27,5.84
19990429,4.39,5.22,5.79
19990430,4.43,5.36,5.94
19990503,4.47,5.38,5.93
19990504,4.5,5.42,6
19990505,4.48,5.4,5.97
19990506,4.49,5.52,6.07
19990507,4.49,5.54,6.1
19990510,4.47,5.54,6.07
19990511,4.49,5.59,6.11
19990512,4.47,5.51,6.09
19990513,4.46,5.41,6
19990514,4.51,5.62,6.16
19990517,4.55,5.66,6.16
19990518,4.53,5.68,6.15
19990519,4.5,5.6,6.09
19990520,4.48,5.6,6.13
19990521,4.48,5.52,6.08
19990524,4.51,5.5,6.08
19990525,4.51,5.49,6.07
19990526,4.53,5.55,6.12
19990527,4.52,5.62,6.15
19990528,4.53,5.64,6.15
19990531,4.53,5.64,#N/A
19990601,4.56,5.78,6.27
19990602,4.61,5.8,6.26
19990603,4.52,5.8,6.25
19990604,4.44,5.82,6.28
19990607,4.4,5.81,6.27
19990608,4.49,5.83,6.3
19990609,4.47,5.87,6.32
19990610,4.54,5.92,6.37
19990611,4.6,6.02,6.47
19990614,4.57,5.98,6.43
19990615,4.61,5.98,6.43
19990616,4.54,5.94,6.4
19990617,4.51,5.79,6.27
19990618,4.55,5.84,6.3
19990621,4.57,5.9,6.36
19990622,4.6,5.94,6.41
19990623,4.6,6,6.47
19990624,4.6,6.05,6.51
19990625,4.66,6.02,6.49
19990628,4.68,5.96,6.42
19990629,4.7,5.93,6.38
19990630,4.65,5.81,6.29
19990701,4.55,5.85,6.32
19990702,4.55,5.82,6.3
19990705,4.55,5.82,#N/A
19990706,4.53,5.88,6.34
19990707,4.54,5.92,6.36
19990708,4.55,5.85,6.3
19990709,4.56,5.84,6.3
19990712,4.57,5.74,6.2
19990713,4.58,5.71,6.19
19990714,4.59,5.74,6.21
19990715,4.57,5.72,6.2
19990716,4.55,5.68,6.18
19990719,4.52,5.66,6.19
19990720,4.51,5.65,6.18
19990721,4.46,5.66,6.2
19990722,4.48,5.78,6.27
19990723,4.52,5.84,6.32
19990726,4.58,5.86,6.34
19990727,4.57,5.82,6.31
19990728,4.58,5.81,6.3
19990729,4.59,5.88,6.37
19990730,4.62,5.92,6.4
19990802,4.65,5.92,6.4
19990803,4.7,5.95,6.42
19990804,4.65,5.96,6.41
19990805,4.61,5.88,6.38
19990806,4.66,6.02,6.48
19990809,4.76,6.13,6.54
19990810,4.81,6.16,6.55
19990811,4.77,6.05,6.52
19990812,4.66,6.08,6.56
19990813,4.6,5.98,6.45
19990816,4.62,5.98,6.48
19990817,4.69,5.89,6.41
19990818,4.63,5.88,6.41
19990819,4.62,5.9,6.43
19990820,4.7,5.88,6.41
19990823,4.78,5.89,6.41
19990824,4.85,5.85,6.38
19990825,4.79,5.73,6.28
19990826,4.79,5.75,6.29
19990827,4.84,5.85,6.38
19990830,4.85,5.95,6.48
19990831,4.84,5.98,6.49
19990901,4.83,5.99,6.5
19990902,4.78,6.03,6.58
19990903,4.78,5.89,6.45
19990906,4.78,5.89,#N/A
19990907,4.69,5.95,6.52
19990908,4.69,5.93,6.5
19990909,4.68,5.97,6.54
19990910,4.62,5.89,6.48
19990913,4.64,5.92,6.51
19990914,4.69,5.96,6.57
19990915,4.62,5.94,6.56
19990916,4.57,5.9,6.51
19990917,4.54,5.87,6.47
19990920,4.56,5.91,6.5
19990921,4.66,5.94,6.52
19990922,4.69,5.92,6.5
19990923,4.69,5.87,6.44
19990924,4.65,5.75,6.36
19990927,4.68,5.83,6.42
19990928,4.71,5.89,6.47
19990929,4.69,5.97,6.55
19990930,4.74,5.9,6.47
19991001,4.74,6,6.57
19991004,4.69,5.95,6.51
19991005,4.72,6.02,6.59
19991006,4.68,6.04,6.6
19991007,4.7,6.05,6.6
19991008,4.68,6.04,6.61
19991011,4.68,6.04,#N/A
19991012,4.73,6.07,6.63
19991013,4.84,6.12,6.69
19991014,4.88,6.17,6.73
19991015,4.9,6.09,6.66
19991018,4.94,6.12,6.69
19991019,5,6.18,6.74
19991020,5,6.19,6.74
19991021,4.99,6.2,6.76
19991022,4.92,6.21,6.76
19991025,4.89,6.22,6.75
19991026,5,6.24,6.77
19991027,4.99,6.19,6.71
19991028,4.96,6.12,6.63
19991029,4.97,6.02,6.52
19991101,4.98,6.06,6.55
19991102,4.99,6.04,6.51
19991103,4.97,6.01,6.49
19991104,4.95,5.95,6.45
19991105,4.99,5.92,6.41
19991108,5.04,5.95,6.42
19991109,5.04,5.97,6.43
19991110,5.05,6,6.45
19991111,5.05,6,#N/A
19991112,5.08,5.93,6.37
19991115,5.12,5.94,6.37
19991116,5.14,5.97,6.4
19991117,5.09,6.04,6.46
19991118,5.08,6.06,6.49
19991119,5.08,6.07,6.48
19991122,5.08,6.09,6.51
19991123,5.13,6.08,6.51
19991124,5.14,6.09,6.53
19991125,5.14,6.09,#N/A
19991126,5.14,6.12,6.57
19991129,5.17,6.21,6.66
19991130,5.15,6.18,6.62
19991201,5.12,6.21,6.65
19991202,5.1,6.24,6.67
19991203,5.1,6.17,6.6
19991206,5.09,6.16,6.58
19991207,5.07,6.11,6.54
19991208,5.07,6.15,6.57
19991209,5.1,6.14,6.55
19991210,5.14,6.08,6.48
19991213,5.22,6.11,6.52
19991214,5.23,6.22,6.64
19991215,5.19,6.25,6.68
19991216,5.23,6.31,6.75
19991217,5.28,6.3,6.74
19991220,5.39,6.36,6.81
19991221,5.42,6.38,6.83
19991222,5.39,6.39,6.82
19991223,5.31,6.41,6.83
19991224,5.31,6.41,#N/A
19991227,5.3,6.4,6.8
19991228,5.25,6.43,6.82
19991229,5.08,6.4,6.79
19991230,5.07,6.39,6.78
19991231,5.17,6.45,6.83
20000103,5.27,6.58,6.94
20000104,5.27,6.49,6.84
20000105,5.28,6.62,6.95
20000106,5.25,6.57,6.86
20000107,5.22,6.52,6.82
20000110,5.24,6.57,6.86
20000111,5.27,6.67,6.94
20000112,5.29,6.72,6.97
20000113,5.25,6.63,6.88
20000114,5.25,6.69,6.91
20000117,5.25,6.69,#N/A
20000118,5.24,6.75,6.94
20000119,5.35,6.73,6.91
20000120,5.32,6.79,6.93
20000121,5.31,6.79,6.91
20000124,5.32,6.69,6.86
20000125,5.4,6.7,6.84
20000126,5.41,6.69,6.79
20000127,5.42,6.68,6.73
20000128,5.48,6.66,6.65
20000131,5.53,6.68,6.72
20000201,5.54,6.62,6.66
20000202,5.49,6.6,6.61
20000203,5.46,6.49,6.52
20000204,5.5,6.53,6.54
20000207,5.47,6.64,6.62
20000208,5.52,6.59,6.51
20000209,5.49,6.56,6.6
20000210,5.5,6.67,6.67
20000211,5.49,6.63,6.62
20000214,5.47,6.56,6.55
20000215,5.58,6.56,6.59
20000216,5.56,6.56,6.6
20000217,5.57,6.58,6.55
20000218,5.58,6.49,6.47
20000221,5.58,6.49,#N/A
20000222,5.6,6.36,6.39
20000223,5.64,6.44,6.45
20000224,5.63,6.36,6.43
20000225,5.62,6.36,6.47
20000228,5.63,6.37,6.47
20000229,5.62,6.42,6.46
20000301,5.6,6.39,6.48
20000302,5.6,6.4,6.45
20000303,5.63,6.39,6.41
20000306,5.66,6.42,6.46
20000307,5.67,6.39,6.46
20000308,5.67,6.38,6.48
20000309,5.66,6.35,6.47
20000310,5.7,6.39,6.52
20000313,5.71,6.36,6.5
20000314,5.71,6.31,6.43
20000315,5.69,6.29,6.39
20000316,5.7,6.26,6.37
20000317,5.72,6.2,6.33
20000320,5.74,6.18,6.31
20000321,5.74,6.13,6.28
20000322,5.74,6.13,6.3
20000323,5.73,6.08,6.25
20000324,5.74,6.2,6.36
20000327,5.69,6.21,6.35
20000328,5.72,6.17,6.34
20000329,5.73,6.18,6.35
20000330,5.71,6.06,6.26
20000331,5.72,6.03,6.2
20000403,5.69,6,6.19
20000404,5.67,5.9,6.12
20000405,5.7,5.9,6.14
20000406,5.72,5.93,6.12
20000407,5.73,5.86,6.04
20000410,5.7,5.8,6.04
20000411,5.67,5.89,6.13
20000412,5.67,5.97,6.19
20000413,5.65,5.94,6.16
20000414,5.65,5.85,6.12
20000417,5.65,6.01,6.26
20000418,5.65,6.05,6.26
20000419,5.65,5.99,6.18
20000420,5.63,5.99,6.16
20000421,5.63,5.99,#N/A
20000424,5.61,6,6.2
20000425,5.63,6.14,6.27
20000426,5.59,6.14,6.28
20000427,5.59,6.23,6.34
20000428,5.66,6.23,6.31
20000501,5.67,6.29,6.33
20000502,5.75,6.32,6.39
20000503,5.74,6.4,6.49
20000504,5.73,6.46,6.59
20000505,5.79,6.51,6.61
20000508,5.87,6.57,6.69
20000509,5.96,6.53,6.64
20000510,5.96,6.47,6.56
20000511,5.96,6.43,6.54
20000512,5.96,6.51,6.62
20000515,5.94,6.47,6.56
20000516,6.02,6.43,6.52
20000517,5.88,6.48,6.58
20000518,5.75,6.56,6.66
20000519,5.71,6.51,6.64
20000522,5.71,6.44,6.58
20000523,5.84,6.45,6.58
20000524,5.75,6.47,6.61
20000525,5.68,6.39,6.5
20000526,5.65,6.33,6.45
20000529,5.65,6.33,#N/A
20000530,5.6,6.38,6.5
20000531,5.48,6.29,6.42
20000601,5.57,6.2,6.33
20000602,5.7,6.15,6.31
20000605,5.72,6.12,6.28
20000606,5.82,6.14,6.28
20000607,5.75,6.13,6.26
20000608,5.74,6.13,6.25
20000609,5.75,6.13,6.26
20000612,5.69,6.09,6.23
20000613,5.72,6.11,6.3
20000614,5.66,6.06,6.25
20000615,5.67,6.05,6.26
20000616,5.66,5.99,6.21
20000619,5.64,6,6.24
20000620,5.63,6.03,6.25
20000621,5.65,6.11,6.32
20000622,5.67,6.12,6.33
20000623,5.69,6.19,6.38
20000626,5.66,6.11,6.34
20000627,5.67,6.1,6.31
20000628,5.65,6.11,6.33
20000629,5.68,6.04,6.24
20000630,5.71,6.03,6.26
20000703,5.75,6,6.22
20000704,5.75,6,#N/A
20000705,5.82,5.99,6.21
20000706,5.85,6.05,6.27
20000707,5.87,6.01,6.23
20000710,5.9,6.04,6.23
20000711,5.93,6.06,6.23
20000712,5.99,6.09,6.23
20000713,6,6.01,6.15
20000714,5.99,6.1,6.24
20000717,5.98,6.17,6.3
20000718,5.98,6.16,6.29
20000719,6,6.16,6.29
20000720,6,6.01,6.15
20000721,5.95,6.01,6.12
20000724,5.98,6.04,6.15
20000725,6.02,6.04,6.14
20000726,6,6.04,6.14
20000727,6.04,6.02,6.1
20000728,6.02,6.04,6.12
20000731,6.03,6.04,6.13
20000801,6.07,6,6.09
20000802,6.07,5.98,6.09
20000803,6.05,5.95,6.05
20000804,6.05,5.91,6.03
20000807,6.06,5.97,6.06
20000808,6.08,5.93,6.03
20000809,6.07,5.81,6.02
20000810,6.07,5.76,6
20000811,6.11,5.79,6.04
20000814,6.09,5.78,6
20000815,6.1,5.81,6.02
20000816,6.09,5.83,6.05
20000817,6.09,5.81,6.02
20000818,6.09,5.78,6
20000821,6.09,5.79,6.02
20000822,6.1,5.78,6.01
20000823,6.11,5.73,5.97
20000824,6.11,5.73,5.96
20000825,6.13,5.73,5.96
20000828,6.14,5.78,6.01
20000829,6.13,5.81,6.04
20000830,6.14,5.81,6.03
20000831,6.13,5.73,5.96
20000901,6.09,5.68,5.95
20000904,6.09,5.68,#N/A
20000905,6.07,5.69,5.94
20000906,6.03,5.72,5.99
20000907,6.02,5.76,6.02
20000908,5.97,5.73,5.99
20000911,5.95,5.77,6.02
20000912,5.92,5.78,6.04
20000913,5.92,5.74,6.01
20000914,5.97,5.79,6.09
20000915,5.97,5.84,6.16
20000918,5.97,5.88,6.2
20000919,5.99,5.86,6.18
20000920,5.98,5.91,6.23
20000921,5.98,5.88,6.18
20000922,5.99,5.85,6.18
20000925,5.99,5.84,6.16
20000926,6,5.81,6.12
20000927,6.02,5.83,6.15
20000928,6.07,5.82,6.14
20000929,6.05,5.8,6.13
20001002,6.03,5.83,6.18
20001003,6.06,5.87,6.2
20001004,6.06,5.9,6.21
20001005,6.07,5.87,6.17
20001006,6.06,5.82,6.11
20001009,6.06,5.82,#N/A
20001010,6.05,5.8,6.08
20001011,6.05,5.77,6.06
20001012,6.01,5.73,6.05
20001013,6.02,5.73,6.05
20001016,6.06,5.74,6.06
20001017,6.12,5.68,6
20001018,6.12,5.66,6
20001019,6.14,5.66,5.98
20001020,6.13,5.64,5.95
20001023,6.16,5.59,5.89
20001024,6.17,5.63,5.93
20001025,6.2,5.67,5.97
20001026,6.18,5.69,5.96
20001027,6.17,5.72,5.96
20001030,6.19,5.74,5.98
20001031,6.19,5.77,6.02
20001101,6.18,5.74,6
20001102,6.19,5.74,6.01
20001103,6.2,5.83,6.09
20001106,6.24,5.87,6.12
20001107,6.23,5.87,6.12
20001108,6.22,5.87,6.09
20001109,6.21,5.82,6.06
20001110,6.19,5.82,6.07
20001113,6.19,5.77,6.04
20001114,6.18,5.76,6.01
20001115,6.19,5.72,5.97
20001116,6.17,5.68,5.94
20001117,6.17,5.71,5.97
20001120,6.18,5.68,5.96
20001121,6.18,5.67,5.93
20001122,6.18,5.62,5.87
20001123,6.18,5.62,#N/A
20001124,6.18,5.63,5.86
20001127,6.14,5.64,5.89
20001128,6.1,5.59,5.86
20001129,6.06,5.55,5.84
20001130,6.03,5.48,5.78
20001201,6.05,5.52,5.82
20001204,6,5.53,5.84
20001205,5.91,5.43,5.76
20001206,5.92,5.32,5.68
20001207,5.94,5.32,5.67
20001208,5.92,5.35,5.71
20001211,5.91,5.37,5.71
20001212,5.89,5.36,5.7
20001213,5.89,5.29,5.64
20001214,5.89,5.23,5.6
20001215,5.85,5.2,5.59
20001218,5.78,5.17,5.59
20001219,5.76,5.19,5.61
20001220,5.66,5.08,5.55
20001221,5.24,5.03,5.53
20001222,5.13,5.02,5.52
20001225,5.13,5.02,#N/A
20001226,5.61,5.04,5.54
20001227,5.59,5.11,5.58
20001228,5.71,5.13,5.59
20001229,5.73,5.12,5.59
20010101,5.73,5.12,#N/A
20010102,5.69,4.92,5.46
20010103,5.53,5.14,5.62
20010104,5.23,5.03,5.56
20010105,4.99,4.93,5.5
20010108,5.06,4.94,5.52
20010109,5.1,4.98,5.53
20010110,5.15,5.1,5.6
20010111,5.17,5.14,5.67
20010112,5.19,5.25,5.74
20010115,5.19,5.25,#N/A
20010116,5.22,5.24,5.71
20010117,5.22,5.19,5.64
20010118,5.14,5.12,5.57
20010119,5.1,5.19,5.67
20010122,5.11,5.25,5.71
20010123,5.1,5.3,5.76
20010124,5.14,5.33,5.78
20010125,5.14,5.29,5.73
20010126,5.04,5.29,5.75
20010129,4.99,5.32,5.78
20010130,4.89,5.24,5.68
20010131,4.86,5.19,5.65
20010201,4.87,5.1,5.55
20010202,4.93,5.17,5.6
20010205,4.96,5.18,5.58
20010206,4.94,5.22,5.61
20010207,4.94,5.1,5.61
20010208,4.95,5.1,5.62
20010209,4.93,5.03,5.55
20010212,4.93,5.05,5.6
20010213,4.92,5.07,5.62
20010214,4.94,5.13,5.64
20010215,4.95,5.19,5.71
20010216,4.89,5.11,5.67
20010219,4.89,5.11,#N/A
20010220,4.92,5.11,5.66
20010221,4.89,5.14,5.7
20010222,4.88,5.15,5.72
20010223,4.77,5.1,5.66
20010226,4.71,5.05,5.62
20010227,4.7,4.96,5.51
20010228,4.73,4.92,5.51
20010301,4.72,4.87,5.45
20010302,4.72,4.95,5.55
20010305,4.7,4.98,5.55
20010306,4.67,4.99,5.56
20010307,4.57,4.92,5.49
20010308,4.56,4.89,5.48
20010309,4.61,4.95,5.5
20010312,4.54,4.92,5.48
20010313,4.54,4.95,5.5
20010314,4.43,4.84,5.43
20010315,4.41,4.81,5.43
20010316,4.43,4.78,5.41
20010319,4.42,4.82,5.44
20010320,4.38,4.78,5.41
20010321,4.21,4.77,5.42
20010322,4.16,4.73,5.38
20010323,4.19,4.8,5.43
20010326,4.19,4.85,5.5
20010327,4.24,5,5.61
20010328,4.23,4.97,5.61
20010329,4.22,4.98,5.63
20010330,4.2,4.93,5.6
20010402,4.12,4.98,5.64
20010403,4.05,4.94,5.62
20010404,4,4.94,5.62
20010405,4.01,4.98,5.66
20010406,3.85,4.89,5.57
20010409,3.84,4.93,5.61
20010410,3.85,5.09,5.76
20010411,3.98,5.12,5.75
20010412,3.92,5.17,5.77
20010413,3.92,5.17,#N/A
20010416,4.05,5.28,5.86
20010417,4.02,5.21,5.8
20010418,3.82,5.14,5.79
20010419,3.78,5.27,5.91
20010420,3.68,5.29,5.92
20010423,3.66,5.2,5.84
20010424,3.71,5.22,5.87
20010425,3.75,5.28,5.91
20010426,3.74,5.2,5.82
20010427,3.76,5.34,5.94
20010430,3.86,5.35,5.92
20010501,3.83,5.3,5.87
20010502,3.8,5.31,5.83
20010503,3.75,5.22,5.75
20010504,3.65,5.21,5.77
20010507,3.65,5.21,5.78
20010508,3.62,5.24,5.81
20010509,3.64,5.2,5.76
20010510,3.66,5.31,5.86
20010511,3.69,5.51,6.02
20010514,3.63,5.46,5.99
20010515,3.55,5.5,6.03
20010516,3.49,5.48,6.01
20010517,3.49,5.46,5.96
20010518,3.53,5.41,5.93
20010521,3.57,5.41,5.92
20010522,3.56,5.42,5.95
20010523,3.56,5.41,5.95
20010524,3.62,5.52,6.04
20010525,3.58,5.52,6.04
20010528,3.58,5.52,#N/A
20010529,3.63,5.54,6.05
20010530,3.6,5.54,6.04
20010531,3.55,5.43,5.95
20010601,3.59,5.39,5.89
20010604,3.6,5.35,5.87
20010605,3.55,5.29,5.85
20010606,3.54,5.27,5.83
20010607,3.55,5.33,5.89
20010608,3.56,5.38,5.9
20010611,3.52,5.32,5.85
20010612,3.48,5.27,5.81
20010613,3.47,5.28,5.81
20010614,3.48,5.26,5.8
20010615,3.44,5.27,5.83
20010618,3.44,5.27,5.84
20010619,3.43,5.26,5.82
20010620,3.41,5.24,5.8
20010621,3.43,5.22,5.77
20010622,3.37,5.14,5.7
20010625,3.38,5.16,5.72
20010626,3.38,5.24,5.78
20010627,3.44,5.26,5.77
20010628,3.56,5.35,5.85
20010629,3.57,5.42,5.91
20010702,3.59,5.37,5.86
20010703,3.58,5.41,5.9
20010704,3.58,5.41,#N/A
20010705,3.57,5.44,5.94
20010706,3.55,5.41,5.92
20010709,3.57,5.37,5.87
20010710,3.55,5.32,5.83
20010711,3.5,5.31,5.84
20010712,3.52,5.27,5.8
20010713,3.54,5.27,5.79
20010716,3.56,5.21,5.74
20010717,3.53,5.22,5.74
20010718,3.46,5.12,5.65
20010719,3.47,5.13,5.66
20010720,3.45,5.15,5.67
20010723,3.48,5.13,5.66
20010724,3.48,5.13,5.64
20010725,3.48,5.2,5.7
20010726,3.48,5.19,5.71
20010727,3.47,5.13,5.65
20010730,3.49,5.11,5.63
20010731,3.46,5.07,5.61
20010801,3.45,5.11,5.63
20010802,3.45,5.17,5.68
20010803,3.44,5.2,5.7
20010806,3.44,5.19,5.7
20010807,3.44,5.2,5.71
20010808,3.41,4.99,5.61
20010809,3.38,5.04,5.64
20010810,3.36,4.99,5.61
20010813,3.37,4.97,5.6
20010814,3.35,4.97,5.61
20010815,3.35,5,5.62
20010816,3.32,4.95,5.58
20010817,3.29,4.84,5.51
20010820,3.34,4.91,5.55
20010821,3.31,4.87,5.54
20010822,3.31,4.91,5.53
20010823,3.33,4.89,5.5
20010824,3.35,4.93,5.54
20010827,3.37,4.94,5.56
20010828,3.33,4.85,5.49
20010829,3.34,4.78,5.44
20010830,3.29,4.79,5.45
20010831,3.3,4.85,5.47
20010903,3.3,4.85,#N/A
20010904,3.36,4.99,5.59
20010905,3.33,4.97,5.57
20010906,3.27,4.86,5.5
20010907,3.2,4.8,5.45
20010910,3.19,4.84,5.5
20010911,3.19,4.84,#N/A
20010912,3.19,4.84,#N/A
20010913,2.68,4.84,5.41
20010914,2.59,4.84,5.38
20010917,2.54,4.63,5.44
20010918,2.43,4.72,5.59
20010919,2.15,4.69,5.59
20010920,2.18,4.75,5.67
20010921,2.21,4.7,5.62
20010924,2.33,4.73,5.61
20010925,2.35,4.72,5.6
20010926,2.33,4.65,5.52
20010927,2.33,4.58,5.46
20010928,2.35,4.6,5.45
20011001,2.32,4.55,5.39
20011002,2.22,4.53,5.36
20011003,2.19,4.5,5.34
20011004,2.17,4.53,5.33
20011005,2.15,4.52,5.34
20011008,2.15,4.52,#N/A
20011009,2.18,4.62,5.42
20011010,2.18,4.61,5.38
20011011,2.23,4.69,5.45
20011012,2.21,4.68,5.45
20011015,2.21,4.62,5.4
20011016,2.18,4.59,5.38
20011017,2.18,4.59,5.35
20011018,2.15,4.58,5.34
20011019,2.15,4.63,5.39
20011022,2.18,4.63,5.38
20011023,2.16,4.66,5.4
20011024,2.13,4.61,5.32
20011025,2.1,4.56,5.28
20011026,2.1,4.53,5.27
20011029,2.05,4.5,5.24
20011030,2.01,4.44,5.21
20011031,2.01,4.3,5.05
20011101,2.02,4.24,5
20011102,1.97,4.37,5.14
20011105,1.97,4.31,5.06
20011106,1.82,4.3,5.05
20011107,1.77,4.22,4.95
20011108,1.81,4.32,5.03
20011109,1.8,4.34,5.05
20011112,1.8,4.34,#N/A
20011113,1.81,4.41,5.1
20011114,1.84,4.54,5.2
20011115,1.88,4.79,5.41
20011116,1.91,4.91,5.52
20011119,1.9,4.8,5.42
20011120,1.91,4.88,5.5
20011121,1.92,4.98,5.59
20011122,1.92,4.98,#N/A
20011123,1.91,5.04,5.65
20011126,1.94,5.05,5.66
20011127,1.88,4.98,5.64
20011128,1.84,4.98,5.63
20011129,1.77,4.79,5.52
20011130,1.75,4.78,5.54
20011203,1.75,4.75,5.49
20011204,1.71,4.7,5.43
20011205,1.74,4.92,5.61
20011206,1.72,5.04,5.72
20011207,1.66,5.2,5.9
20011210,1.68,5.17,5.86
20011211,1.63,5.13,5.83
20011212,1.64,5.02,5.74
20011213,1.66,5.13,5.81
20011214,1.7,5.24,5.89
20011217,1.71,5.26,5.91
20011218,1.68,5.16,5.81
20011219,1.66,5.08,5.73
20011220,1.66,5.08,5.73
20011221,1.68,5.12,5.76
20011224,1.69,5.18,5.81
20011225,1.69,5.18,#N/A
20011226,1.72,5.22,5.84
20011227,1.71,5.13,5.78
20011228,1.69,5.15,5.82
20011231,1.71,5.07,5.74
20020101,1.71,5.07,5.74
20020102,1.71,5.2,5.86
20020103,1.7,5.16,5.83
20020104,1.69,5.18,5.87
20020107,1.65,5.09,5.76
20020108,1.65,5.1,5.77
20020109,1.65,5.1,5.76
20020110,1.65,5,5.64
20020111,1.55,4.92,5.6
20020114,1.55,4.91,5.62
20020115,1.57,4.88,5.56
20020116,1.58,4.88,5.58
20020117,1.61,4.98,5.65
20020118,1.59,4.94,5.59
20020121,1.59,4.94,#N/A
20020122,1.67,4.96,5.62
20020123,1.68,5.05,5.73
20020124,1.69,5.07,5.71
20020125,1.69,5.1,5.72
20020128,1.73,5.12,5.72
20020129,1.69,5.02,5.63
20020130,1.72,5.02,5.64
20020131,1.73,5.07,5.68
20020201,1.73,5.02,5.63
20020204,1.74,4.94,5.57
20020205,1.73,4.92,5.56
20020206,1.71,4.92,5.61
20020207,1.7,4.93,5.64
20020208,1.7,4.9,5.6
20020211,1.72,4.91,5.63
20020212,1.72,4.97,5.69
20020213,1.73,5.01,5.72
20020214,1.72,4.95,5.64
20020215,1.71,4.86,5.58
20020218,1.71,4.86,#N/A
20020219,1.73,4.88,5.61
20020220,1.73,4.88,5.6
20020221,1.73,4.88,5.58
20020222,1.73,4.84,5.55
20020225,1.74,4.86,5.56
20020226,1.74,4.93,5.63
20020227,1.74,4.84,5.56
20020228,1.76,4.88,5.61
20020301,1.74,4.98,5.7
20020304,1.78,5.02,5.71
20020305,1.77,5.02,5.7
20020306,1.75,5.06,5.74
20020307,1.75,5.22,5.88
20020308,1.77,5.33,5.95
20020311,1.83,5.33,5.96
20020312,1.81,5.32,5.96
20020313,1.79,5.28,5.95
20020314,1.82,5.4,6.05
20020315,1.82,5.35,5.98
20020318,1.85,5.32,5.95
20020319,1.82,5.33,5.96
20020320,1.81,5.4,6.04
20020321,1.8,5.39,6.02
20020322,1.8,5.4,6.04
20020325,1.82,5.41,6.03
20020326,1.78,5.35,5.96
20020327,1.78,5.35,5.96
20020328,1.76,5.42,6.03
20020329,1.76,5.42,#N/A
20020401,1.76,5.44,6.04
20020402,1.77,5.36,5.96
20020403,1.76,5.3,5.92
20020404,1.75,5.28,5.89
20020405,1.73,5.22,5.84
20020408,1.72,5.25,5.89
20020409,1.7,5.22,5.84
20020410,1.68,5.24,5.88
20020411,1.69,5.22,5.85
20020412,1.68,5.18,5.81
20020415,1.69,5.15,5.78
20020416,1.71,5.2,5.83
20020417,1.7,5.24,5.9
20020418,1.69,5.23,5.88
20020419,1.7,5.21,5.85
20020422,1.69,5.19,5.85
20020423,1.7,5.18,5.83
20020424,1.69,5.11,5.77
20020425,1.71,5.1,5.77
20020426,1.72,5.08,5.73
20020429,1.75,5.13,5.77
20020430,1.74,5.11,5.74
20020501,1.74,5.08,5.71
20020502,1.74,5.13,5.74
20020503,1.73,5.08,5.7
20020506,1.75,5.1,5.71
20020507,1.73,5.09,5.71
20020508,1.73,5.24,5.84
20020509,1.74,5.2,5.8
20020510,1.74,5.15,5.77
20020513,1.76,5.23,5.86
20020514,1.75,5.32,5.94
20020515,1.73,5.28,5.92
20020516,1.72,5.2,5.87
20020517,1.73,5.27,5.94
20020520,1.74,5.21,5.88
20020521,1.72,5.18,5.84
20020522,1.71,5.13,5.8
20020523,1.71,5.16,5.83
20020524,1.71,5.16,5.83
20020527,1.71,5.16,#N/A
20020528,1.74,5.16,5.83
20020529,1.72,5.11,5.79
20020530,1.72,5.06,5.74
20020531,1.71,5.08,5.77
20020603,1.74,5.06,5.76
20020604,1.73,5.04,5.75
20020605,1.72,5.08,5.79
20020606,1.71,5.04,5.75
20020607,1.71,5.1,5.81
20020610,1.73,5.07,5.76
20020611,1.72,5.02,5.71
20020612,1.71,4.98,5.68
20020613,1.69,4.94,5.65
20020614,1.68,4.83,5.54
20020617,1.71,4.89,5.61
20020618,1.7,4.88,5.6
20020619,1.68,4.76,5.51
20020620,1.7,4.85,5.59
20020621,1.69,4.79,5.54
20020624,1.71,4.87,5.6
20020625,1.7,4.88,5.62
20020626,1.67,4.75,5.53
20020627,1.67,4.84,5.63
20020628,1.67,4.86,5.65
20020701,1.69,4.85,5.64
20020702,1.69,4.77,5.56
20020703,1.69,4.78,5.57
20020704,1.69,4.78,#N/A
20020705,1.69,4.9,5.67
20020708,1.7,4.84,5.63
20020709,1.69,4.78,5.57
20020710,1.69,4.66,5.48
20020711,1.69,4.66,5.47
20020712,1.68,4.63,5.45
20020715,1.69,4.66,5.49
20020716,1.69,4.75,5.58
20020717,1.69,4.71,5.54
20020718,1.69,4.66,5.52
20020719,1.68,4.61,5.47
20020722,1.67,4.51,5.4
20020723,1.67,4.47,5.39
20020724,1.66,4.49,5.42
20020725,1.67,4.43,5.39
20020726,1.66,4.43,5.42
20020729,1.69,4.62,5.54
20020730,1.69,4.65,5.54
20020731,1.68,4.51,5.41
20020801,1.65,4.47,5.41
20020802,1.6,4.33,5.29
20020805,1.61,4.29,5.26
20020806,1.62,4.42,5.35
20020807,1.56,4.35,5.31
20020808,1.59,4.4,5.34
20020809,1.59,4.27,5.22
20020812,1.65,4.22,5.16
20020813,1.6,4.12,5.09
20020814,1.61,4.06,5.03
20020815,1.59,4.17,5.12
20020816,1.59,4.32,5.24
20020819,1.64,4.29,5.21
20020820,1.59,4.17,5.12
20020821,1.6,4.2,5.14
20020822,1.62,4.3,5.22
20020823,1.62,4.25,5.15
20020826,1.65,4.22,5.12
20020827,1.65,4.29,5.2
20020828,1.64,4.22,5.14
20020829,1.65,4.16,5.08
20020830,1.66,4.14,5.06
20020902,1.66,4.14,#N/A
20020903,1.61,3.98,4.92
20020904,1.6,3.96,4.91
20020905,1.58,3.91,4.88
20020906,1.63,4.05,5
20020909,1.66,4.05,4.99
20020910,1.65,4,4.96
20020911,1.66,4.07,5.01
20020912,1.66,3.98,4.93
20020913,1.66,3.92,4.87
20020916,1.68,3.9,4.85
20020917,1.67,3.87,4.83
20020918,1.65,3.86,4.85
20020919,1.62,3.79,4.8
20020920,1.62,3.79,4.82
20020923,1.62,3.7,4.75
20020924,1.62,3.69,4.74
20020925,1.63,3.77,4.83
20020926,1.62,3.79,4.85
20020927,1.6,3.69,4.78
20020930,1.54,3.63,4.75
20021001,1.56,3.72,4.81
20021002,1.55,3.71,4.78
20021003,1.54,3.7,4.79
20021004,1.58,3.69,4.77
20021007,1.6,3.64,4.75
20021008,1.58,3.65,4.75
20021009,1.54,3.61,4.72
20021010,1.55,3.68,4.78
20021011,1.55,3.83,4.91
20021014,1.55,3.83,#N/A
20021015,1.65,4.07,5.09
20021016,1.63,4.06,5.1
20021017,1.64,4.16,5.18
20021018,1.64,4.14,5.17
20021021,1.68,4.24,5.23
20021022,1.66,4.27,5.26
20021023,1.65,4.26,5.26
20021024,1.62,4.16,5.2
20021025,1.61,4.12,5.16
20021028,1.56,4.1,5.15
20021029,1.48,3.97,5.05
20021030,1.48,3.99,5.07
20021031,1.42,3.93,5.03
20021101,1.41,4.01,5.07
20021104,1.41,4.07,5.11
20021105,1.4,4.1,5.13
20021106,1.21,4.09,5.12
20021107,1.2,3.88,4.94
20021108,1.2,3.85,4.87
20021111,1.2,3.85,#N/A
20021112,1.2,3.84,4.87
20021113,1.19,3.84,4.86
20021114,1.2,4.03,5.01
20021115,1.2,4.05,5.02
20021118,1.21,4.02,4.98
20021119,1.19,3.99,4.94
20021120,1.2,4.08,5.04
20021121,1.2,4.14,5.1
20021122,1.21,4.18,5.12
20021125,1.22,4.19,5.13
20021126,1.2,4.08,5.03
20021127,1.21,4.26,5.23
20021128,1.21,4.26,#N/A
20021129,1.2,4.22,5.18
20021202,1.22,4.22,5.17
20021203,1.21,4.24,5.18
20021204,1.2,4.18,5.14
20021205,1.2,4.13,5.09
20021206,1.19,4.09,5.08
20021209,1.21,4.06,5.05
20021210,1.19,4.06,5.02
20021211,1.19,4.01,4.97
20021212,1.19,4.01,4.97
20021213,1.19,4.07,5.03
20021216,1.21,4.15,5.11
20021217,1.2,4.13,5.11
20021218,1.19,4.06,5.05
20021219,1.19,3.96,4.97
20021220,1.19,3.97,4.97
20021223,1.17,3.98,4.98
20021224,1.17,3.95,4.93
20021225,1.17,3.95,#N/A
20021226,1.16,3.93,4.91
20021227,1.14,3.83,4.83
20021230,1.2,3.82,4.82
20021231,1.2,3.83,4.83
20030101,1.2,3.83,#N/A
20030102,1.2,4.07,5.05
20030103,1.2,4.05,5.03
20030106,1.19,4.09,5.05
20030107,1.17,4.04,5.03
20030108,1.17,4,5
20030109,1.18,4.19,5.17
20030110,1.18,4.16,5.14
20030113,1.19,4.15,5.13
20030114,1.17,4.1,5.09
20030115,1.18,4.1,5.07
20030116,1.16,4.1,5.06
20030117,1.16,4.05,5
20030120,1.16,4.05,#N/A
20030121,1.17,4.01,4.98
20030122,1.15,3.95,4.94
20030123,1.15,3.98,4.98
20030124,1.14,3.94,4.92
20030127,1.15,3.98,4.96
20030128,1.16,4,4.96
20030129,1.16,4.06,5.01
20030130,1.16,4,4.96
20030131,1.16,4,4.93
20030203,1.16,4.01,4.93
20030204,1.14,3.96,4.89
20030205,1.16,4.02,4.97
20030206,1.15,3.97,4.91
20030207,1.15,3.96,4.88
20030210,1.15,3.99,4.94
20030211,1.16,3.98,4.93
20030212,1.16,3.93,4.9
20030213,1.15,3.89,4.86
20030214,1.16,3.95,4.94
20030217,1.16,3.95,#N/A
20030218,1.17,3.94,4.92
20030219,1.16,3.88,4.86
20030220,1.17,3.85,4.84
20030221,1.17,3.9,4.88
20030224,1.19,3.86,4.85
20030225,1.18,3.81,4.81
20030226,1.19,3.78,4.77
20030227,1.19,3.76,4.75
20030228,1.18,3.71,4.7
20030303,1.18,3.68,4.69
20030304,1.17,3.65,4.68
20030305,1.16,3.63,4.67
20030306,1.16,3.67,4.7
20030307,1.1,3.63,4.67
20030310,1.06,3.59,4.64
20030311,1.08,3.6,4.64
20030312,1.08,3.6,4.62
20030313,1.1,3.74,4.75
20030314,1.11,3.72,4.73
20030317,1.13,3.82,4.82
20030318,1.12,3.91,4.89
20030319,1.14,3.98,4.94
20030320,1.15,4.01,4.99
20030321,1.16,4.11,5.08
20030324,1.15,3.98,4.97
20030325,1.16,3.97,4.97
20030326,1.16,3.96,4.96
20030327,1.14,3.95,4.96
20030328,1.12,3.92,4.93
20030331,1.12,3.83,4.84
20030401,1.1,3.84,4.85
20030402,1.11,3.94,4.94
20030403,1.09,3.93,4.95
20030404,1.09,3.96,4.97
20030407,1.15,4.03,5.01
20030408,1.13,3.95,4.93
20030409,1.11,3.93,4.92
20030410,1.12,3.95,4.94
20030411,1.15,4,4.96
20030414,1.18,4.04,4.99
20030415,1.16,3.98,4.93
20030416,1.15,3.96,4.92
20030417,1.16,3.98,4.91
20030418,1.16,3.98,#N/A
20030421,1.16,4,4.92
20030422,1.16,4.01,4.94
20030423,1.15,4.02,4.92
20030424,1.13,3.93,4.84
20030425,1.12,3.91,4.83
20030428,1.12,3.92,4.83
20030429,1.13,3.96,4.86
20030430,1.11,3.89,4.79
20030501,1.08,3.88,4.8
20030502,1.1,3.94,4.84
20030505,1.11,3.92,4.8
20030506,1.08,3.84,4.76
20030507,1.09,3.72,4.67
20030508,1.07,3.7,4.65
20030509,1.09,3.69,4.64
20030512,1.08,3.64,4.6
20030513,1.07,3.63,4.58
20030514,1.04,3.53,4.47
20030515,1.04,3.53,4.48
20030516,1.03,3.46,4.44
20030519,1.03,3.46,4.44
20030520,1.02,3.38,4.36
20030521,1.04,3.39,4.33
20030522,1.06,3.34,4.29
20030523,1.06,3.34,4.28
20030526,1.06,3.34,#N/A
20030527,1.07,3.41,4.39
20030528,1.1,3.44,4.42
20030529,1.08,3.34,4.35
20030530,1.09,3.37,4.36
20030602,1.12,3.43,4.43
20030603,1.06,3.34,4.35
20030604,1.03,3.3,4.32
20030605,1.02,3.34,4.37
20030606,1.03,3.37,4.37
20030609,1.01,3.29,4.31
20030610,0.95,3.2,4.22
20030611,0.92,3.21,4.23
20030612,0.9,3.18,4.18
20030613,0.84,3.13,4.13
20030616,0.85,3.18,4.18
20030617,0.88,3.27,4.26
20030618,0.87,3.37,4.35
20030619,0.8,3.35,4.37
20030620,0.81,3.4,4.41
20030623,0.83,3.32,4.35
20030624,0.81,3.29,4.31
20030625,0.9,3.38,4.4
20030626,0.89,3.55,4.52
20030627,0.85,3.58,4.57
20030630,0.89,3.54,4.52
20030701,0.87,3.56,4.54
20030702,0.85,3.56,4.54
20030703,0.85,3.67,4.64
20030704,0.85,3.67,#N/A
20030707,0.9,3.74,4.69
20030708,0.9,3.75,4.71
20030709,0.88,3.73,4.69
20030710,0.87,3.7,4.68
20030711,0.87,3.66,4.65
20030714,0.89,3.74,4.74
20030715,0.9,3.94,4.91
20030716,0.89,3.97,4.91
20030717,0.88,3.98,4.92
20030718,0.89,4,4.93
20030721,0.91,4.19,5.09
20030722,0.91,4.17,5.07
20030723,0.91,4.12,5.04
20030724,0.91,4.2,5.12
20030725,0.91,4.22,5.15
20030728,0.95,4.31,5.23
20030729,0.97,4.42,5.33
20030730,0.96,4.34,5.27
20030731,0.94,4.49,5.43
20030801,0.93,4.44,5.42
20030804,0.95,4.35,5.36
20030805,0.94,4.47,5.48
20030806,0.93,4.32,5.31
20030807,0.93,4.3,5.27
20030808,0.94,4.27,5.29
20030811,0.94,4.38,5.36
20030812,0.93,4.37,5.36
20030813,0.94,4.58,5.55
20030814,0.94,4.55,5.49
20030815,0.93,4.55,5.49
20030818,0.94,4.49,5.45
20030819,0.94,4.38,5.33
20030820,0.94,4.45,5.39
20030821,0.95,4.53,5.43
20030822,0.96,4.48,5.37
20030825,1,4.53,5.43
20030826,0.99,4.5,5.39
20030827,0.98,4.54,5.43
20030828,0.97,4.42,5.31
20030829,0.96,4.45,5.33
20030901,0.96,4.45,#N/A
20030902,0.96,4.61,5.48
20030903,0.95,4.6,5.49
20030904,0.95,4.52,5.43
20030905,0.94,4.35,5.29
20030908,0.95,4.41,5.33
20030909,0.94,4.37,5.31
20030910,0.94,4.28,5.22
20030911,0.94,4.35,5.27
20030912,0.94,4.27,5.22
20030915,0.94,4.28,5.24
20030916,0.91,4.29,5.26
20030917,0.93,4.2,5.15
20030918,0.94,4.19,5.15
20030919,0.93,4.17,5.12
20030922,0.94,4.26,5.2
20030923,0.92,4.24,5.16
20030924,0.93,4.16,5.09
20030925,0.92,4.12,5.04
20030926,0.92,4.04,4.98
20030929,0.95,4.09,5.03
20030930,0.93,3.96,4.91
20031001,0.93,3.96,4.92
20031002,0.92,4.03,4.97
20031003,0.92,4.21,5.15
20031006,0.92,4.17,5.1
20031007,0.9,4.27,5.21
20031008,0.89,4.27,5.22
20031009,0.89,4.32,5.27
20031010,0.9,4.29,5.23
20031013,0.9,4.29,#N/A
20031014,0.91,4.37,5.32
20031015,0.91,4.43,5.36
20031016,0.91,4.47,5.38
20031017,0.91,4.41,5.32
20031020,0.93,4.41,5.3
20031021,0.91,4.38,5.28
20031022,0.94,4.29,5.19
20031023,0.94,4.34,5.25
20031024,0.93,4.24,5.14
20031027,0.96,4.3,5.19
20031028,0.94,4.23,5.14
20031029,0.94,4.31,5.21
20031030,0.94,4.36,5.25
20031031,0.94,4.33,5.2
20031103,0.94,4.4,5.25
20031104,0.93,4.33,5.19
20031105,0.94,4.38,5.24
20031106,0.94,4.45,5.32
20031107,0.94,4.48,5.33
20031110,0.95,4.49,5.34
20031111,0.95,4.49,#N/A
20031112,0.93,4.44,5.29
20031113,0.92,4.3,5.16
20031114,0.93,4.22,5.1
20031117,0.94,4.18,5.07
20031118,0.94,4.17,5.05
20031119,0.93,4.24,5.12
20031120,0.93,4.16,5.06
20031121,0.92,4.15,5.05
20031124,0.94,4.23,5.11
20031125,0.93,4.19,5.07
20031126,0.92,4.25,5.12
20031127,0.92,4.25,#N/A
20031128,0.91,4.34,5.2
20031201,0.93,4.4,5.23
20031202,0.92,4.38,5.22
20031203,0.92,4.41,5.25
20031204,0.91,4.38,5.22
20031205,0.9,4.23,5.09
20031208,0.91,4.29,5.15
20031209,0.91,4.32,5.18
20031210,0.91,4.3,5.16
20031211,0.88,4.27,5.14
20031212,0.89,4.26,5.12
20031215,0.89,4.28,5.13
20031216,0.89,4.24,5.1
20031217,0.88,4.19,5.05
20031218,0.87,4.16,4.99
20031219,0.86,4.15,4.99
20031222,0.89,4.18,5.02
20031223,0.88,4.28,5.09
20031224,0.88,4.2,5.02
20031225,0.88,4.2,#N/A
20031226,0.85,4.17,4.99
20031229,0.89,4.24,5.07
20031230,0.92,4.29,5.12
20031231,0.93,4.27,5.1
20040101,0.93,4.27,#N/A
20040102,0.91,4.38,5.21
20040105,0.9,4.41,5.23
20040106,0.9,4.29,5.13
20040107,0.89,4.27,5.11
20040108,0.86,4.27,5.12
20040109,0.85,4.11,4.98
20040112,0.88,4.11,4.99
20040113,0.87,4.05,4.95
20040114,0.86,4.01,4.9
20040115,0.86,3.99,4.87
20040116,0.87,4.04,4.9
20040119,0.87,4.04,#N/A
20040120,0.88,4.08,4.93
20040121,0.87,4.05,4.92
20040122,0.86,3.99,4.86
20040123,0.88,4.09,4.95
20040126,0.89,4.16,5.01
20040127,0.89,4.11,4.96
20040128,0.92,4.22,5.06
20040129,0.92,4.22,5.05
20040130,0.9,4.16,5
20040202,0.93,4.18,5.02
20040203,0.92,4.13,4.98
20040204,0.92,4.15,5
20040205,0.92,4.2,5.02
20040206,0.91,4.12,4.95
20040209,0.93,4.09,4.93
20040210,0.93,4.13,4.97
20040211,0.91,4.05,4.9
20040212,0.91,4.1,4.94
20040213,0.9,4.05,4.92
20040216,0.9,4.05,#N/A
20040217,0.93,4.05,4.91
20040218,0.92,4.05,4.91
20040219,0.92,4.05,4.91
20040220,0.92,4.1,4.96
20040223,0.95,4.05,4.92
20040224,0.95,4.04,4.9
20040225,0.94,4.02,4.89
20040226,0.94,4.05,4.92
20040227,0.94,3.99,4.85
20040301,0.95,4,4.86
20040302,0.95,4.05,4.9
20040303,0.95,4.07,4.92
20040304,0.94,4.04,4.89
20040305,0.93,3.85,4.73
20040308,0.95,3.78,4.69
20040309,0.94,3.73,4.64
20040310,0.94,3.74,4.65
20040311,0.95,3.74,4.66
20040312,0.94,3.78,4.68
20040315,0.95,3.78,4.67
20040316,0.94,3.7,4.61
20040317,0.92,3.71,4.62
20040318,0.92,3.76,4.66
20040319,0.92,3.8,4.68
20040322,0.94,3.74,4.63
20040323,0.93,3.73,4.62
20040324,0.92,3.73,4.62
20040325,0.94,3.75,4.65
20040326,0.93,3.85,4.75
20040329,0.95,3.91,4.8
20040330,0.94,3.91,4.8
20040331,0.93,3.86,4.77
20040401,0.92,3.91,4.77
20040402,0.93,4.15,4.97
20040405,0.93,4.24,5.05
20040406,0.92,4.19,5.01
20040407,0.93,4.19,5.02
20040408,0.92,4.21,5.04
20040409,0.92,4.21,#N/A
20040412,0.93,4.25,5.08
20040413,0.93,4.35,5.17
20040414,0.94,4.4,5.21
20040415,0.93,4.42,5.22
20040416,0.92,4.37,5.2
20040419,0.95,4.39,5.22
20040420,0.96,4.43,5.24
20040421,0.98,4.45,5.25
20040422,0.95,4.4,5.2
20040423,0.96,4.48,5.27
20040426,0.98,4.46,5.25
20040427,0.97,4.43,5.22
20040428,0.96,4.5,5.28
20040429,0.95,4.55,5.33
20040430,0.96,4.53,5.31
20040503,0.99,4.53,5.3
20040504,0.99,4.56,5.34
20040505,0.97,4.61,5.38
20040506,0.98,4.63,5.41
20040507,1.05,4.79,5.53
20040510,1.07,4.81,5.54
20040511,1.04,4.79,5.53
20040512,1.02,4.83,5.57
20040513,0.98,4.85,5.61
20040514,0.97,4.79,5.54
20040517,1.05,4.7,5.47
20040518,1.04,4.74,5.48
20040519,1.02,4.79,5.54
20040520,1.01,4.72,5.47
20040521,1.01,4.76,5.5
20040524,1.06,4.75,5.48
20040525,1.06,4.73,5.45
20040526,1.06,4.67,5.41
20040527,1.04,4.6,5.34
20040528,1.06,4.66,5.39
20040531,1.06,4.66,#N/A
20040601,1.15,4.71,5.45
20040602,1.15,4.74,5.47
20040603,1.15,4.71,5.46
20040604,1.18,4.78,5.51
20040607,1.23,4.78,5.51
20040608,1.25,4.78,5.5
20040609,1.25,4.82,5.54
20040610,1.27,4.81,5.52
20040611,1.27,4.81,#N/A
20040614,1.4,4.89,5.59
20040615,1.32,4.69,5.41
20040616,1.28,4.74,5.46
20040617,1.25,4.71,5.42
20040618,1.26,4.72,5.43
20040621,1.32,4.7,5.42
20040622,1.3,4.72,5.43
20040623,1.27,4.71,5.41
20040624,1.26,4.66,5.36
20040625,1.28,4.66,5.37
20040628,1.36,4.76,5.46
20040629,1.36,4.7,5.41
20040630,1.31,4.62,5.33
20040701,1.2,4.57,5.31
20040702,1.27,4.48,5.22
20040705,1.27,4.48,#N/A
20040706,1.32,4.49,5.24
20040707,1.28,4.5,5.24
20040708,1.25,4.49,5.24
20040709,1.25,4.49,5.23
20040712,1.32,4.46,5.22
20040713,1.32,4.5,5.25
20040714,1.32,4.5,5.24
20040715,1.32,4.5,5.24
20040716,1.32,4.38,5.14
20040719,1.33,4.38,5.14
20040720,1.34,4.47,5.21
20040721,1.33,4.5,5.24
20040722,1.34,4.48,5.22
20040723,1.35,4.45,5.2
20040726,1.43,4.49,5.23
20040727,1.44,4.62,5.35
20040728,1.43,4.61,5.35
20040729,1.42,4.6,5.34
20040730,1.42,4.5,5.24
20040802,1.48,4.48,5.22
20040803,1.46,4.45,5.2
20040804,1.46,4.45,5.2
20040805,1.45,4.43,5.18
20040806,1.41,4.24,5.04
20040809,1.49,4.28,5.06
20040810,1.49,4.32,5.08
20040811,1.42,4.3,5.07
20040812,1.41,4.27,5.05
20040813,1.41,4.22,5.02
20040816,1.47,4.26,5.06
20040817,1.45,4.21,5.02
20040818,1.46,4.23,5.04
20040819,1.45,4.22,5.03
20040820,1.46,4.24,5.03
20040823,1.52,4.28,5.08
20040824,1.52,4.28,5.08
20040825,1.52,4.26,5.06
20040826,1.52,4.22,5.03
20040827,1.53,4.23,5.02
20040830,1.59,4.19,4.99
20040831,1.57,4.13,4.93
20040901,1.55,4.13,4.93
20040902,1.57,4.2,4.99
20040903,1.62,4.3,5.07
20040906,1.62,4.3,#N/A
20040907,1.64,4.26,5.03
20040908,1.62,4.18,4.96
20040909,1.61,4.22,4.99
20040910,1.63,4.19,4.97
20040913,1.64,4.16,4.94
20040914,1.64,4.15,4.93
20040915,1.64,4.18,4.96
20040916,1.64,4.08,4.86
20040917,1.68,4.14,4.91
20040920,1.7,4.07,4.85
20040921,1.69,4.05,4.82
20040922,1.68,4,4.75
20040923,1.69,4.02,4.78
20040924,1.7,4.04,4.78
20040927,1.72,4.01,4.75
20040928,1.69,4.02,4.78
20040929,1.69,4.1,4.85
20040930,1.68,4.14,4.89
20041001,1.67,4.21,4.95
20041004,1.69,4.19,4.93
20041005,1.68,4.18,4.93
20041006,1.68,4.23,4.97
20041007,1.67,4.26,5
20041008,1.67,4.15,4.91
20041011,1.67,4.15,#N/A
20041012,1.69,4.12,4.88
20041013,1.69,4.09,4.86
20041014,1.71,4.03,4.81
20041015,1.72,4.07,4.84
20041018,1.78,4.07,4.84
20041019,1.79,4.07,4.83
20041020,1.79,4.01,4.77
20041021,1.81,4.01,4.76
20041022,1.81,4,4.75
20041025,1.87,3.99,4.74
20041026,1.86,4.01,4.75
20041027,1.88,4.11,4.85
20041028,1.87,4.09,4.83
20041029,1.87,4.05,4.79
20041101,1.96,4.11,4.84
20041102,1.94,4.1,4.84
20041103,1.92,4.09,4.83
20041104,1.94,4.1,4.82
20041105,1.99,4.21,4.92
20041108,2.04,4.22,4.95
20041109,2.04,4.22,4.95
20041110,2.04,4.25,4.97
20041111,2.04,4.25,#N/A
20041112,2.04,4.2,4.91
20041115,2.09,4.2,4.91
20041116,2.1,4.21,4.92
20041117,2.09,4.14,4.85
20041118,2.09,4.12,4.82
20041119,2.1,4.2,4.89
20041122,2.16,4.18,4.85
20041123,2.13,4.19,4.85
20041124,2.14,4.2,4.85
20041125,2.14,4.2,#N/A
20041126,2.16,4.24,4.9
20041129,2.2,4.34,4.99
20041130,2.2,4.36,5.03
20041201,2.18,4.38,5.04
20041202,2.18,4.4,5.07
20041203,2.17,4.27,4.95
20041206,2.22,4.24,4.92
20041207,2.21,4.23,4.91
20041208,2.2,4.14,4.8
20041209,2.2,4.19,4.84
20041210,2.21,4.16,4.83
20041213,2.21,4.16,4.81
20041214,2.18,4.14,4.79
20041215,2.17,4.09,4.72
20041216,2.16,4.19,4.84
20041217,2.16,4.21,4.85
20041220,2.19,4.21,4.84
20041221,2.17,4.18,4.82
20041222,2.15,4.21,4.85
20041223,2.15,4.23,4.86
20041224,2.15,4.23,#N/A
20041227,2.24,4.3,4.95
20041228,2.22,4.31,4.94
20041229,2.19,4.33,4.96
20041230,2.18,4.27,4.92
20041231,2.18,4.24,4.85
20050103,2.29,4.23,4.84
20050104,2.3,4.29,4.91
20050105,2.29,4.29,4.88
20050106,2.27,4.29,4.88
20050107,2.29,4.29,4.88
20050110,2.33,4.29,4.86
20050111,2.31,4.26,4.83
20050112,2.3,4.25,4.81
20050113,2.31,4.2,4.75
20050114,2.32,4.23,4.76
20050117,2.32,4.23,#N/A
20050118,2.36,4.21,4.73
20050119,2.33,4.2,4.71
20050120,2.31,4.17,4.7
20050121,2.31,4.16,4.69
20050124,2.34,4.14,4.65
20050125,2.36,4.2,4.72
20050126,2.37,4.21,4.72
20050127,2.4,4.22,4.73
20050128,2.41,4.16,4.66
20050131,2.48,4.14,4.64
20050201,2.47,4.15,4.65
20050202,2.47,4.15,4.63
20050203,2.44,4.18,4.64
20050204,2.43,4.09,4.54
20050207,2.48,4.07,4.49
20050208,2.48,4.05,4.46
20050209,2.47,4,4.43
20050210,2.47,4.07,4.52
20050211,2.5,4.1,4.55
20050214,2.55,4.08,4.51
20050215,2.55,4.1,4.55
20050216,2.53,4.16,4.6
20050217,2.53,4.19,4.65
20050218,2.56,4.27,4.72
20050221,2.56,4.27,#N/A
20050222,2.63,4.29,4.75
20050223,2.63,4.27,4.73
20050224,2.64,4.29,4.74
20050225,2.69,4.27,4.72
20050228,2.72,4.36,4.79
20050301,2.7,4.38,4.8
20050302,2.68,4.38,4.82
20050303,2.7,4.39,4.82
20050304,2.7,4.32,4.73
20050307,2.71,4.31,4.7
20050308,2.7,4.38,4.78
20050309,2.7,4.52,4.92
20050310,2.69,4.48,4.85
20050311,2.7,4.56,4.93
20050314,2.75,4.52,4.9
20050315,2.75,4.54,4.93
20050316,2.74,4.52,4.91
20050317,2.73,4.47,4.87
20050318,2.75,4.51,4.92
20050321,2.8,4.53,4.94
20050322,2.83,4.63,5.01
20050323,2.77,4.61,4.99
20050324,2.78,4.6,4.97
20050325,2.78,4.6,#N/A
20050328,2.79,4.64,5.01
20050329,2.78,4.6,4.98
20050330,2.77,4.56,4.93
20050331,2.73,4.5,4.88
20050401,2.74,4.46,4.85
20050404,2.75,4.47,4.84
20050405,2.74,4.48,4.87
20050406,2.71,4.44,4.85
20050407,2.71,4.49,4.9
20050408,2.73,4.5,4.88
20050411,2.71,4.45,4.84
20050412,2.71,4.38,4.78
20050413,2.72,4.38,4.8
20050414,2.72,4.37,4.8
20050415,2.73,4.27,4.73
20050418,2.85,4.27,4.7
20050419,2.85,4.21,4.64
20050420,2.81,4.22,4.66
20050421,2.82,4.32,4.73
20050422,2.87,4.26,4.68
20050425,2.88,4.26,4.65
20050426,2.86,4.28,4.67
20050427,2.83,4.25,4.65
20050428,2.82,4.19,4.6
20050429,2.84,4.21,4.61
20050502,2.88,4.21,4.61
20050503,2.85,4.21,4.6
20050504,2.81,4.2,4.64
20050505,2.75,4.19,4.64
20050506,2.8,4.28,4.69
20050509,2.86,4.29,4.69
20050510,2.84,4.23,4.65
20050511,2.81,4.21,4.61
20050512,2.82,4.18,4.59
20050513,2.76,4.12,4.56
20050516,2.84,4.13,4.56
20050517,2.82,4.12,4.54
20050518,2.8,4.07,4.49
20050519,2.81,4.11,4.52
20050520,2.83,4.13,4.52
20050523,2.91,4.07,4.46
20050524,2.88,4.04,4.43
20050525,2.89,4.08,4.48
20050526,2.88,4.08,4.49
20050527,2.9,4.08,4.49
20050530,2.9,4.08,#N/A
20050531,2.93,4,4.4
20050601,2.91,3.91,4.31
20050602,2.91,3.89,4.28
20050603,2.94,3.98,4.34
20050606,2.96,3.96,4.31
20050607,2.96,3.92,4.26
20050608,2.96,3.95,4.29
20050609,2.93,3.98,4.31
20050610,2.94,4.05,4.39
20050613,2.97,4.09,4.44
20050614,2.95,4.13,4.49
20050615,2.94,4.12,4.49
20050616,2.91,4.09,4.45
20050617,2.92,4.09,4.44
20050620,2.96,4.11,4.46
20050621,2.96,4.06,4.4
20050622,2.97,3.95,4.31
20050623,3,3.96,4.32
20050624,3.02,3.92,4.28
20050627,3.09,3.9,4.25
20050628,3.08,3.97,4.3
20050629,3.06,3.99,4.33
20050630,3.06,3.94,4.28
20050701,3.1,4.06,4.37
20050704,3.1,4.06,#N/A
20050705,3.15,4.11,4.43
20050706,3.12,4.08,4.4
20050707,3.08,4.05,4.37
20050708,3.1,4.11,4.42
20050711,3.13,4.11,4.42
20050712,3.14,4.15,4.46
20050713,3.15,4.17,4.47
20050714,3.16,4.19,4.49
20050715,3.18,4.18,4.47
20050718,3.23,4.22,4.53
20050719,3.24,4.2,4.5
20050720,3.23,4.17,4.47
20050721,3.27,4.28,4.58
20050722,3.3,4.23,4.52
20050725,3.37,4.25,4.53
20050726,3.36,4.24,4.53
20050727,3.33,4.27,4.55
20050728,3.33,4.2,4.48
20050729,3.34,4.28,4.56
20050801,3.41,4.32,4.59
20050802,3.41,4.34,4.62
20050803,3.38,4.3,4.58
20050804,3.39,4.32,4.6
20050805,3.44,4.4,4.66
20050808,3.47,4.42,4.68
20050809,3.44,4.41,4.66
20050810,3.43,4.4,4.65
20050811,3.43,4.32,4.6
20050812,3.44,4.24,4.52
20050815,3.47,4.27,4.53
20050816,3.46,4.23,4.49
20050817,3.44,4.28,4.53
20050818,3.42,4.21,4.48
20050819,3.44,4.21,4.47
20050822,3.46,4.22,4.48
20050823,3.46,4.2,4.46
20050824,3.45,4.19,4.46
20050825,3.46,4.18,4.45
20050826,3.47,4.2,4.46
20050829,3.47,4.2,4.45
20050830,3.46,4.16,4.43
20050831,3.44,4.02,4.3
20050901,3.4,4.02,4.31
20050902,3.38,4.03,4.33
20050905,3.38,4.03,#N/A
20050906,3.45,4.09,4.39
20050907,3.41,4.15,4.46
20050908,3.4,4.15,4.45
20050909,3.41,4.14,4.45
20050912,3.44,4.18,4.5
20050913,3.4,4.14,4.47
20050914,3.35,4.17,4.5
20050915,3.37,4.22,4.56
20050916,3.42,4.26,4.61
20050919,3.51,4.25,4.6
20050920,3.54,4.26,4.59
20050921,3.34,4.19,4.52
20050922,3.39,4.19,4.52
20050923,3.4,4.25,4.57
20050926,3.46,4.3,4.6
20050927,3.42,4.3,4.6
20050928,3.39,4.26,4.55
20050929,3.46,4.29,4.59
20050930,3.47,4.34,4.62
20051003,3.54,4.39,4.67
20051004,3.55,4.38,4.66
20051005,3.5,4.36,4.63
20051006,3.52,4.37,4.64
20051007,3.54,4.35,4.62
20051010,3.54,4.35,#N/A
20051011,3.65,4.39,4.65
20051012,3.62,4.45,4.71
20051013,3.66,4.48,4.77
20051014,3.69,4.48,4.76
20051017,3.78,4.5,4.77
20051018,3.77,4.49,4.78
20051019,3.77,4.47,4.76
20051020,3.76,4.46,4.75
20051021,3.77,4.39,4.68
20051024,3.84,4.45,4.74
20051025,3.84,4.54,4.8
20051026,3.81,4.6,4.87
20051027,3.79,4.57,4.84
20051028,3.83,4.58,4.84
20051031,3.89,4.57,4.84
20051101,3.87,4.58,4.85
20051102,3.85,4.61,4.88
20051103,3.85,4.65,4.94
20051104,3.88,4.66,4.95
20051107,3.87,4.65,4.93
20051108,3.87,4.57,4.86
20051109,3.9,4.64,4.93
20051110,3.88,4.55,4.85
20051111,3.88,4.55,#N/A
20051114,3.93,4.61,4.9
20051115,3.92,4.56,4.83
20051116,3.91,4.49,4.77
20051117,3.92,4.46,4.75
20051118,3.91,4.5,4.79
20051121,3.91,4.46,4.76
20051122,3.84,4.43,4.76
20051123,3.86,4.47,4.8
20051124,3.86,4.47,#N/A
20051125,3.86,4.43,4.76
20051128,3.89,4.41,4.71
20051129,3.89,4.48,4.78
20051130,3.86,4.49,4.81
20051201,3.88,4.52,4.83
20051202,3.9,4.52,4.81
20051205,3.95,4.57,4.85
20051206,3.95,4.49,4.79
20051207,3.94,4.52,4.8
20051208,3.85,4.47,4.75
20051209,3.85,4.54,4.83
20051212,3.83,4.56,4.82
20051213,3.83,4.54,4.81
20051214,3.81,4.45,4.73
20051215,3.84,4.47,4.75
20051216,3.84,4.45,4.72
20051219,3.89,4.45,4.72
20051220,3.88,4.47,4.74
20051221,3.9,4.49,4.75
20051222,3.89,4.44,4.69
20051223,3.9,4.38,4.63
20051226,3.9,4.38,#N/A
20051227,3.9,4.34,4.58
20051228,3.87,4.38,4.62
20051229,3.92,4.37,4.6
20051230,3.99,4.39,4.61
20060102,3.99,4.39,#N/A
20060103,4.07,4.37,4.62
20060104,4.09,4.36,4.6
20060105,4.1,4.36,4.61
20060106,4.12,4.38,4.63
20060109,4.14,4.38,4.63
20060110,4.19,4.43,4.68
20060111,4.2,4.46,4.7
20060112,4.22,4.42,4.66
20060113,4.23,4.36,4.59
20060116,4.23,4.36,#N/A
20060117,4.28,4.34,4.57
20060118,4.25,4.34,4.58
20060119,4.25,4.38,4.61
20060120,4.25,4.37,4.59
20060123,4.28,4.36,4.59
20060124,4.3,4.4,4.63
20060125,4.32,4.49,4.72
20060126,4.34,4.53,4.76
20060127,4.34,4.52,4.75
20060130,4.38,4.54,4.77
20060131,4.37,4.53,4.74
20060201,4.37,4.57,4.77
20060202,4.37,4.57,4.76
20060203,4.37,4.54,4.7
20060206,4.38,4.55,4.69
20060207,4.39,4.57,4.73
20060208,4.4,4.56,4.75
20060209,4.41,4.54,4.72
20060210,4.42,4.59,4.76
20060213,4.45,4.58,4.76
20060214,4.45,4.62,4.8
20060215,4.44,4.61,4.78
20060216,4.44,4.59,4.77
20060217,4.43,4.54,4.71
20060220,4.43,4.54,#N/A
20060221,4.46,4.57,4.72
20060222,4.46,4.53,4.68
20060223,4.48,4.56,4.7
20060224,4.49,4.58,4.71
20060227,4.51,4.59,4.74
20060228,4.6265,4.549,4.7
20060301,4.49,4.59,4.74
20060302,4.5,4.64,4.8
20060303,4.5,4.68,4.84
20060306,4.49,4.74,4.91
20060307,4.49,4.74,4.91
20060308,4.47,4.73,4.91
20060309,4.48,4.74,4.91
20060310,4.5,4.76,4.93
20060313,4.5,4.77,4.95
20060314,4.48,4.71,4.89
20060315,4.51,4.73,4.93
20060316,4.5,4.65,4.86
20060317,4.52,4.68,4.89
20060320,4.55,4.66,4.87
20060321,4.57,4.71,4.91
20060322,4.57,4.7,4.91
20060323,4.55,4.73,4.93
20060324,4.54,4.67,4.87
20060327,4.51,4.7,4.91
20060328,4.53,4.79,4.98
20060329,4.6182,4.8072,5.02
20060330,4.617,4.8513,5.07
20060331,4.6092,4.8523,5.07
20060403,4.658,4.8656,5.08
20060404,4.6655,4.8667,5.09
20060405,4.6778,4.8484,5.07
20060406,4.6798,4.9049,5.13
20060407,4.6695,4.8997,5.2
20060410,4.6852,4.9578,5.21
20060411,4.7044,4.9259,5.17
20060412,4.7142,4.9777,5.22
20060413,4.7142,4.9777,5.28
20060414,4.7012,4.9746,#N/A
20060417,4.7154,5.0104,5.25
20060418,4.7174,4.9824,5.23
20060419,4.7168,5.0221,5.29
20060420,4.7467,5.01,5.29
20060421,4.75,5.01,5.25
20060424,4.7485,4.9768,5.22
20060425,4.7849,5.075,5.31
20060426,4.7598,5.075,5.34
20060427,4.7674,5.062,5.32
20060428,4.7784,5.0732,5.31
20060501,4.7674,5.062,5.38
20060502,4.9076,5.139,5.35
20060503,4.8109,5.1138,5.38
20060504,4.8271,5.1018,5.38
20060505,4.8018,5.1564,5.35
20060508,4.8271,5.1018,5.34
20060509,4.855,5.1136,5.35
20060510,4.8862,5.1274,5.34
20060511,4.8245,5.1989,5.38
20060512,4.8148,5.1327,5.44
20060515,4.8245,5.1989,5.41
20060516,5.0064,5.1573,5.36
20060517,4.8238,5.1008,5.42
20060518,4.8245,5.0594,5.32
20060519,4.8381,5.0635,5.28
20060522,4.8245,5.0594,5.28
20060523,4.8238,5.0413,5.3
20060524,4.8342,5.0253,5.27
20060525,4.8388,5.0433,5.31
20060526,4.8252,5.0693,5.3
20060529,4.8252,5.0693,#N/A
20060530,4.8375,5.0491,5.33
20060531,4.8336,5.0813,5.35
20060601,4.8466,5.1277,5.34
20060602,4.8167,4.9918,5.24
20060605,4.8167,4.9918,5.24
20060606,4.8576,5.0228,5.22
20060607,4.8654,5.0037,5.23
20060608,4.8168,5.0227,5.2
20060609,4.8168,4.9774,5.17
20060612,4.8168,4.9774,5.17
20060613,4.996,4.9824,5.15
20060614,5,4.98,5.23
20060615,4.8278,5.1011,5.27
20060616,4.8764,5.1284,5.31
20060619,4.9336,5.1396,5.32
20060620,4.9304,5.1538,5.33
20060621,4.9167,5.1569,5.32
20060622,4.9057,5.211,5.37
20060623,4.9673,5.2305,5.4
20060626,5.0213,5.2388,5.42
20060627,5.0421,5.2039,5.38
20060628,4.9999,5.2481,5.42
20060629,5.0096,5.1998,5.39
20060630,4.9881,5.1435,5.31
20060703,4.9881,5.1435,5.33
20060704,5.0727,5.1507,#N/A
20060705,5.0207,5.2245,5.39
20060706,4.9992,5.1844,5.35
20060707,4.9992,5.1844,5.29
20060710,5.0448,5.1282,5.29
20060711,5.063,5.1037,5.26
20060712,5.0727,5.1027,5.26
20060713,5.0512,5.0681,5.23
20060714,5.0512,5.0681,5.23
20060717,5.1046,5.067,5.23
20060718,5.1358,5.1353,5.29
20060719,5.1358,5.1353,5.22
20060720,5.1358,5.1353,5.2
20060721,5.0816,5.0435,5.21
20060724,5.1046,5.0475,5.22
20060725,5.1046,5.0475,5.24
20060726,5.1039,5.0353,5.22
20060727,5.1031,5.0383,5.22
20060728,5.0608,4.9926,5.17
20060731,5.1031,4.9926,5.17
20060801,5.2354,4.9814,5.17
20060802,5.1143,4.9632,5.14
20060803,5.1031,4.9631,5.13
20060804,5.1031,4.9631,5.09
20060807,5.128,4.9186,5.09
20060808,5.1046,4.9226,5.11
20060809,5.0727,4.9269,5.13
20060810,5.0512,4.935,5.15
20060811,5.0712,4.9741,5.18
20060814,5.1046,5.0003,5.21
20060815,5.0942,4.9319,5.13
20060816,5.0727,4.9319,5.08
20060817,5.0727,4.9319,5.08
20060818,5.0927,4.87,5.05
20060821,5.0949,4.8152,5.04
20060822,5.1053,4.8152,5.03
20060823,5.1053,4.8092,5.03
20060824,5.0942,4.8092,5.02
20060825,5.1135,4.7832,5.01
20060828,5.1001,4.7832,5.01
20060829,5.0734,4.7832,5
20060830,5.0519,4.7544,4.98
20060831,5.0434,4.7307,4.95
20060901,5.0434,4.7307,4.95
20060904,5.0193,4.7266,#N/A
20060905,4.9895,4.7829,5.01
20060906,4.9713,4.7998,5.02
20060907,4.968,4.7898,5.01
20060908,4.9362,4.7788,4.99
20060911,4.9232,4.8026,5.02
20060912,4.9096,4.7757,4.98
20060913,4.9063,4.7628,4.97
20060914,4.9368,4.7936,4.99
20060915,4.9368,4.7936,5
20060918,4.9544,4.8104,5.01
20060919,4.9486,4.7318,4.94
20060920,4.9271,4.7338,4.93
20060921,4.9161,4.639,4.86
20060922,4.9258,4.5917,4.82
20060925,4.892,4.5457,4.77
20060926,4.8862,4.5857,4.79
20060927,4.8907,4.6023,4.81
20060928,4.8745,4.612,4.84
20060929,4.8868,4.6325,4.84
20061002,4.8972,4.6078,4.83
20061003,4.9226,4.6156,4.83
20061004,4.9115,4.5656,4.79
20061005,4.9316,4.6106,4.84
20061006,4.9316,4.6106,4.92
20061009,4.9466,4.6982,#N/A
20061010,4.9954,4.7549,4.96
20061011,5.0181,4.7808,4.99
20061012,5.0512,4.7738,4.99
20061013,5.0557,4.8017,5.02
20061016,5.0793,4.7797,5
20061017,5.0864,4.7706,4.99
20061018,5.0831,4.7606,4.97
20061019,5.1005,4.7856,4.99
20061020,5.0868,4.7905,4.99
20061023,5.1209,4.8317,5.03
20061024,5.1358,4.8226,5.03
20061025,5.1273,4.7674,4.98
20061026,5.1161,4.7184,4.93
20061027,5.105,4.6755,4.88
20061030,5.1001,4.6724,4.88
20061031,5.0838,4.604,4.81
20061101,5.0649,4.5665,4.77
20061102,5.0649,4.5665,4.8
20061103,5.092,4.716,4.9
20061106,5.0897,4.7,4.89
20061107,5.0838,4.6621,4.85
20061108,5.0961,4.6392,4.82
20061109,5.1005,4.6181,4.82
20061110,5.092,4.5914,4.78
20061113,5.0897,4.6132,4.8
20061114,5.0942,4.57,4.76
20061115,5.0935,4.624,4.8
20061116,5.0953,4.6654,4.84
20061117,5.092,4.6032,4.79
20061120,5.0838,4.5993,4.78
20061121,5.0552,4.5767,4.76
20061122,5.0552,4.5767,4.76
20061123,5.0623,4.5639,#N/A
20061124,5.0401,4.553,4.74
20061127,5.0376,4.5324,4.73
20061128,5.0474,4.503,4.7
20061129,5.0415,4.5215,4.72
20061130,5.0278,4.461,4.66
20061201,5.0297,4.4346,4.64
20061204,4.9752,4.4287,4.65
20061205,4.9902,4.4471,4.67
20061206,4.9895,4.4841,4.69
20061207,4.9784,4.4821,4.7
20061208,4.9595,4.5476,4.76
20061211,4.9336,4.5201,4.73
20061212,4.9382,4.4917,4.7
20061213,4.9453,4.588,4.78
20061214,4.955,4.5998,4.81
20061215,4.9102,4.5948,4.81
20061218,4.944,4.5869,4.81
20061219,4.959,4.5928,4.82
20061220,4.9765,4.5997,4.82
20061221,4.968,4.5513,4.78
20061222,4.968,4.5513,4.85
20061225,4.9881,4.6185,#N/A
20061226,4.9954,4.6036,4.82
20061227,4.9765,4.6552,4.87
20061228,5.007,4.6862,4.9
20061229,5.007,4.6862,4.91
20070101,5.007,4.6862,#N/A
20070102,5.0167,4.7042,4.87
20070103,5.0519,4.6612,4.85
20070104,5.0408,4.6074,4.81
20070105,5.0505,4.6482,4.84
20070108,5.0793,4.6552,4.84
20070109,5.0838,4.6602,4.83
20070110,5.0935,4.6893,4.87
20070111,5.1005,4.7345,4.92
20070112,5.1005,4.7345,4.96
20070115,5.092,4.776,#N/A
20070116,5.1202,4.7518,4.94
20070117,5.1117,4.7821,4.98
20070118,5.1031,4.7468,4.94
20070119,5.1388,4.7772,4.96
20070122,5.1417,4.761,4.94
20070123,5.1462,4.8138,5
20070124,5.1351,4.8139,5
20070125,5.1421,4.8762,5.06
20070126,5.1336,4.8763,5.07
20070129,5.1417,4.8948,5.09
20070130,5.1462,4.8744,5.07
20070131,5.1143,4.8111,5.02
20070201,5.1239,4.8387,5.02
20070202,5.144,4.8245,5.02
20070205,5.1521,4.8102,5
20070206,5.1514,4.7675,4.96
20070207,5.1559,4.7379,4.94
20070208,5.1525,4.7299,4.93
20070209,5.1544,4.7827,4.98
20070212,5.1729,4.8057,5
20070213,5.1722,4.8138,5.02
20070214,5.1559,4.7379,4.94
20070215,5.1681,4.712,4.91
20070216,5.1681,4.712,4.9
20070219,5.1726,4.6882,#N/A
20070220,5.1663,4.6783,4.89
20070221,5.1741,4.6921,4.9
20070222,5.1863,4.7299,4.94
20070223,5.1752,4.6733,4.89
20070226,5.0897,4.6307,4.84
20070227,5.1202,4.5148,4.73
20070228,5.1351,4.5706,4.78
20070301,5.1343,4.5519,4.78
20070302,5.1024,4.497,4.75
20070305,5.1001,4.4969,4.74
20070306,5.1124,4.5272,4.76
20070307,5.0935,4.491,4.73
20070308,5.1678,4.5125,4.74
20070309,5.092,4.589,4.81
20070312,5.0897,4.5545,4.78
20070313,5.0578,4.4937,4.75
20070314,5.0545,4.5378,4.78
20070315,5.0304,4.5377,4.78
20070316,5.0323,4.5465,4.79
20070319,5.0585,4.5671,4.81
20070320,5.0585,4.5671,4.79
20070321,5.0415,4.5395,4.78
20070322,5.0505,4.5828,4.86
20070323,5.0686,4.6135,4.88
20070326,5.0689,4.6066,4.86
20070327,5.0526,4.6026,4.89
20070328,5.0545,4.6224,4.9
20070329,5.0434,4.6463,4.9
20070330,5.0401,4.6463,4.92
20070402,5.048,4.6433,4.92
20070403,5.0369,4.6682,4.93
20070404,5.0441,4.6522,4.92
20070405,5.0375,4.7505,4.95
20070406,5.0349,4.7536,5
20070409,5.0168,4.7485,5
20070410,5.0161,4.7224,4.99
20070411,5.0103,4.7325,5
20070412,5.0252,4.7385,4.99
20070413,5.0011,4.7638,5.01
20070416,4.996,4.7366,4.98
20070417,4.9928,4.6823,4.93
20070418,4.9791,4.6552,4.9
20070419,4.9861,4.6682,4.92
20070420,4.9829,4.6743,4.93
20070423,4.9752,4.6442,4.91
20070424,4.9668,4.6252,4.88
20070425,4.9609,4.6542,4.91
20070426,4.9057,4.6984,4.95
20070427,4.9057,4.6984,4.96
20070430,4.9024,4.6262,4.88
20070501,4.8888,4.6402,4.89
20070502,4.8888,4.6402,4.89
20070503,4.8888,4.6462,4.91
20070504,4.8894,4.6422,4.88
20070507,4.892,4.6302,4.86
20070508,4.8914,4.633,4.87
20070509,4.8648,4.6697,4.91
20070510,4.8459,4.6429,4.9
20070511,4.8375,4.6737,4.92
20070514,4.8602,4.6956,4.93
20070515,4.8161,4.7036,4.95
20070516,4.7349,4.7116,4.95
20070517,4.7914,4.7557,4.99
20070518,4.8064,4.8042,5.03
20070521,4.8862,4.7911,5.02
20070522,4.907,4.8285,5.06
20070523,4.8933,4.8468,5.09
20070524,4.8875,4.8428,5.09
20070525,4.8875,4.8428,5.09
20070528,4.8738,4.8593,#N/A
20070529,4.8706,4.8858,5.09
20070530,4.8232,4.8716,5.09
20070531,4.7343,4.8994,5.1
20070601,4.7778,4.9546,5.15
20070604,4.7985,4.9291,5.11
20070605,4.8212,4.9939,5.16
20070606,4.7817,4.9683,5.17
20070607,4.7914,5.1363,5.29
20070608,4.7623,5.1074,5.3
20070611,4.7154,5.1535,5.32
20070612,4.7122,5.2971,5.44
20070613,4.6389,5.2021,5.36
20070614,4.6228,5.2275,5.39
20070615,4.5418,5.1627,5.34
20070618,4.6219,5.1387,5.34
20070619,4.6758,5.0834,5.28
20070620,4.7142,5.1337,5.32
20070621,4.685,5.1884,5.36
20070622,4.6974,5.1311,5.34
20070625,4.8193,5.082,5.28
20070626,4.8083,5.0822,5.31
20070627,4.7661,5.0844,5.28
20070628,4.7603,5.1075,5.3
20070629,4.8012,5.0265,5.21
20070702,4.9232,4.9934,5.18
20070703,4.9232,5.0434,5.22
20070704,4.9486,5.0434,#N/A
20070705,4.9342,5.1419,5.32
20070706,4.9362,5.1866,5.36
20070709,4.944,5.1467,5.32
20070710,4.9408,5.0254,5.21
20070711,4.9349,5.0881,5.26
20070712,4.9472,5.1281,5.29
20070713,4.9472,5.1281,5.27
20070716,4.9648,5.0427,5.21
20070717,4.9616,5.0533,5.24
20070718,4.9614,5.0346,5.18
20070719,4.9842,5.0201,5.2
20070720,4.9783,4.9528,5.14
20070723,5.041,4.9539,5.15
20070724,5.0143,4.9199,5.13
20070725,4.9771,4.9034,5.12
20070726,4.9243,4.7844,5.02
20070727,4.856,4.7642,5.03
20070730,4.9576,4.8061,5.05
20070731,4.9491,4.7429,5
20070801,4.8885,4.7858,4.99
20070802,4.8853,4.7695,5
20070803,4.8325,4.6862,4.96
20070806,4.9159,4.7411,4.98
20070807,4.9517,4.7698,5.01
20070808,4.951,4.849,5.11
20070809,4.7941,4.7718,5.1
20070810,4.5543,4.8056,5.11
20070813,4.7356,4.7639,5.09
20070814,4.6366,4.7322,5.06
20070815,4.0957,4.7233,5.07
20070816,3.8697,4.6621,4.99
20070817,3.7657,4.6837,5.06
20070820,3.2035,4.6276,5.04
20070821,3.6145,4.5972,5
20070822,3.6633,4.6511,5.01
20070823,3.9038,4.6461,4.98
20070824,4.2302,4.6205,4.95
20070827,4.6554,4.5725,4.92
20070828,4.335,4.5101,4.9
20070829,4.0153,4.5665,4.93
20070830,3.8179,4.509,4.87
20070831,4.1129,4.5321,4.87
20070903,4.1181,4.5331,#N/A
20070904,4.4676,4.5506,4.88
20070905,4.3765,4.4669,4.82
20070906,4.3158,4.5076,4.84
20070907,4.0663,4.3835,4.73
20070910,3.9591,4.3268,4.68
20070911,4.1091,4.3737,4.68
20070912,4.0075,4.4122,4.72
20070913,4.0563,4.4702,4.79
20070914,3.9833,4.4593,4.77
20070917,4.1563,4.464,4.76
20070918,4.0054,4.4717,4.81
20070919,3.9194,4.5419,4.86
20070920,3.7998,4.6996,4.99
20070921,3.758,4.6233,4.95
20070924,3.8658,4.6321,4.94
20070925,3.8083,4.6301,4.94
20070926,3.7018,4.6242,4.95
20070927,3.704,4.567,4.89
20070928,3.8123,4.5905,4.89
20071001,3.9384,4.5491,4.85
20071002,3.9665,4.5235,4.83
20071003,3.9582,4.5647,4.85
20071004,3.9423,4.5136,4.83
20071005,3.9423,4.5136,4.94
20071008,3.9781,4.6356,#N/A
20071009,4.0457,4.6485,4.93
20071010,4.049,4.6514,4.93
20071011,4.129,4.6375,4.95
20071012,4.1933,4.6852,4.98
20071015,4.3018,4.6792,4.98
20071016,4.2571,4.6453,4.97
20071017,4.0049,4.5562,4.88
20071018,3.8542,4.4951,4.84
20071019,3.8305,4.3934,4.74
20071022,4.0006,4.4128,4.73
20071023,3.9846,4.4049,4.74
20071024,3.8572,4.3408,4.69
20071025,3.9345,4.3863,4.7
20071026,3.9522,4.4045,4.73
20071029,4.0214,4.385,4.71
20071030,3.9613,4.38,4.72
20071031,3.922,4.4757,4.79
20071101,3.8075,4.3497,4.69
20071102,3.6079,4.3252,4.65
20071105,3.7828,4.3396,4.67
20071106,3.7462,4.3765,4.7
20071107,3.4533,4.3189,4.71
20071108,3.4142,4.2849,4.7
20071109,3.4142,4.3053,4.64
20071112,3.2589,4.225,#N/A
20071113,3.5028,4.2679,4.64
20071114,3.4016,4.2539,4.65
20071115,3.3134,4.1441,4.58
20071116,3.4088,4.1661,4.56
20071119,3.41,4.0704,4.5
20071120,3.2882,4.1009,4.51
20071121,3.2882,4.1009,4.49
20071122,3.2882,4.1009,#N/A
20071123,3.2279,4.052,4.46
20071126,3.1206,3.8391,4.29
20071127,3.1668,3.9496,4.4
20071128,3.0452,4.0404,4.46
20071129,2.9675,3.9401,4.39
20071130,3.1505,3.9389,4.44
20071203,3.0276,3.8524,4.38
20071204,3.0609,3.8964,4.38
20071205,3.0632,3.9585,4.42
20071206,3.0836,4.0095,4.52
20071207,3.073,4.1067,4.62
20071210,3.0379,4.1625,4.64
20071211,2.9164,3.9722,4.51
20071212,2.8672,4.097,4.55
20071213,2.8979,4.202,4.66
20071214,2.8769,4.1971,4.71
20071217,3.0586,4.1488,4.67
20071218,3.048,4.1217,4.6
20071219,2.8981,4.0316,4.52
20071220,2.9443,4.0554,4.5
20071221,2.9443,4.0554,4.62
20071224,3.3076,4.1737,4.67
20071225,3.3076,4.2144,#N/A
20071226,3.3241,4.2818,4.73
20071227,3.1275,4.1998,4.66
20071228,3.1275,4.1998,4.56
20071231,3.1556,4.076,4.5
20080101,3.1556,4.076,#N/A
20080102,3.3893,4.0261,4.39
20080103,3.2595,3.9089,4.41
20080104,3.1918,3.8727,4.4
20080107,3.2652,3.8349,4.37
20080108,3.221,3.782,4.39
20080109,3.2311,3.8234,4.35
20080110,3.2153,3.8931,4.47
20080111,3.2153,3.8931,4.4
20080114,3.1826,3.775,4.39
20080115,3.159,3.6667,4.3
20080116,3.1355,3.7373,4.34
20080117,2.9985,3.6257,4.27
20080118,2.9985,3.6257,4.3
20080121,2.8487,3.6325,#N/A
20080122,2.3266,3.4396,4.23
20080123,2.2185,3.61,4.23
20080124,2.3829,3.7074,4.37
20080125,2.3608,3.7108,4.3
20080128,2.3164,3.5815,4.3
20080129,2.2957,3.676,4.35
20080130,2.1594,3.6731,4.45
20080131,1.9487,3.5977,4.35
20080201,2.0949,3.6037,4.31
20080204,2.265,3.6472,4.37
20080205,2.1723,3.5729,4.32
20080206,2.0951,3.6022,4.36
20080207,2.2003,3.7636,4.5
20080208,2.2003,3.7636,4.41
20080211,2.2332,3.6128,4.38
20080212,2.2932,3.6645,4.43
20080213,2.2699,3.732,4.48
20080214,2.2929,3.8202,4.63
20080215,2.1925,3.7714,4.55
20080218,2.1925,3.7686,#N/A
20080219,2.2649,3.8949,4.63
20080220,2.239,3.895,4.63
20080221,2.2003,3.7726,4.52
20080222,2.1976,3.8006,4.55
20080225,2.1828,3.8993,4.65
20080226,2.1107,3.8577,4.64
20080227,1.9668,3.8519,4.62
20080228,1.9102,3.6687,4.51
20080229,1.8434,3.5102,4.37
20080303,1.6694,3.5505,4.37
20080304,1.6642,3.6204,4.46
20080305,1.5206,3.6918,4.55
20080306,1.3567,3.5845,4.52
20080307,1.4437,3.5308,4.49
20080310,1.362,3.4577,4.39
20080311,1.4848,3.594,4.48
20080312,1.4284,3.4726,4.35
20080313,1.3695,3.5364,4.42
20080314,1.1751,3.4454,4.3
20080317,1.1062,3.3117,4.24
20080318,0.8967,3.4894,4.3
20080319,0.8967,3.4894,4.2
20080320,0.5829,3.3328,4.15
20080321,0.5803,3.33,#N/A
20080324,1.0089,3.5601,4.31
20080325,1.3005,3.4987,4.29
20080326,1.2826,3.464,4.31
20080327,1.2851,3.5299,4.37
20080328,1.3874,3.4442,4.32
20080331,1.3722,3.4124,4.3
20080401,1.4157,3.5573,4.4
20080402,1.39,3.6001,4.4
20080403,1.413,3.5792,4.41
20080404,1.3771,3.4695,4.32
20080407,1.4234,3.5412,4.37
20080408,1.385,3.5593,4.37
20080409,1.3056,3.4798,4.3
20080410,1.2416,3.5413,4.33
20080411,1.1981,3.4798,4.28
20080414,1.0858,3.5157,4.32
20080415,1.119,3.6003,4.38
20080416,1.124,3.6867,4.49
20080417,1.2851,3.7331,4.5
20080418,1.3528,3.7081,4.52
20080421,1.3313,3.7294,4.48
20080422,1.2801,3.6927,4.47
20080423,1.234,3.7353,4.49
20080424,1.257,3.8308,4.56
20080425,1.3644,3.8732,4.61
20080428,1.4439,3.8732,4.57
20080429,1.4746,3.8253,4.56
20080430,1.39,3.7328,4.49
20080501,1.4028,3.7669,4.49
20080502,1.4028,3.7669,4.57
20080505,1.6284,3.8591,4.58
20080506,1.6385,3.9224,4.64
20080507,1.6744,3.8817,4.61
20080508,1.664,3.7786,4.55
20080509,1.6973,3.7739,4.52
20080512,1.8335,3.7911,4.52
20080513,1.8334,3.9175,4.61
20080514,1.8282,3.9102,4.63
20080515,1.8332,3.8153,4.55
20080516,1.8511,3.8503,4.57
20080519,1.8746,3.8332,4.55
20080520,1.8693,3.7784,4.52
20080521,1.8692,3.8133,4.53
20080522,1.8768,3.913,4.62
20080523,1.8768,3.913,4.56
20080526,1.8588,3.8454,#N/A
20080527,1.8745,3.9226,4.65
20080528,1.8898,4.0062,4.72
20080529,1.9076,4.0808,4.77
20080530,1.8844,4.0653,4.74
20080602,1.9054,3.962,4.69
20080603,1.8565,3.8948,4.64
20080604,1.8359,3.9822,4.72
20080605,1.8563,4.0354,4.77
20080606,1.846,3.9159,4.67
20080609,1.9054,4.0026,4.68
20080610,2.0208,4.1076,4.76
20080611,1.9514,4.0754,4.76
20080612,1.9514,4.0754,4.83
20080613,1.9819,4.2575,4.86
20080616,2.0491,4.2735,4.84
20080617,1.9951,4.2072,4.85
20080618,1.9308,4.1393,4.77
20080619,1.9205,4.2103,4.82
20080620,1.8691,4.171,4.76
20080623,1.8746,4.1632,4.77
20080624,1.8437,4.0847,4.7
20080625,1.8025,4.1024,4.72
20080626,1.8025,4.1024,4.67
20080627,1.6716,3.9661,4.58
20080630,1.8746,3.97,4.59
20080701,1.8847,4.004,4.6
20080702,1.8282,3.9613,4.57
20080703,1.8486,3.9788,4.58
20080704,1.8461,3.9779,#N/A
20080707,1.8848,3.9063,4.55
20080708,1.8848,3.9063,4.51
20080709,1.8,3.816,4.47
20080710,1.8,3.816,4.47
20080711,1.5922,3.9605,4.57
20080714,1.7617,3.9605,4.52
20080715,1.7617,3.8591,4.52
20080716,1.8789,3.8245,4.64
20080717,1.3709,4.0268,4.7
20080718,1.4041,3.9956,4.71
20080721,1.5524,4.0407,4.69
20080722,1.5446,4.1006,4.73
20080723,1.5446,4.1006,4.76
20080724,1.5599,4.1194,4.66
20080725,1.731,4.0999,4.75
20080728,1.7671,4.0999,4.69
20080729,1.721,4.039,4.7
20080730,1.7005,4.0489,4.69
20080731,1.6697,3.9491,4.63
20080801,1.6671,3.9336,4.61
20080804,1.7262,3.9375,4.62
20080805,1.7262,3.9667,4.67
20080806,1.7414,4.07,4.71
20080807,1.6799,3.9305,4.58
20080808,1.6952,3.9314,4.58
20080811,1.7671,3.9333,4.64
20080812,1.8746,3.9951,4.58
20080813,1.8437,3.9387,4.61
20080814,1.864,3.8926,4.55
20080815,1.8384,3.8406,4.5
20080818,1.7978,3.8151,4.47
20080819,1.8028,3.8348,4.5
20080820,1.6902,3.8037,4.46
20080821,1.7208,3.827,4.49
20080822,1.6952,3.8714,4.5
20080825,1.7416,3.7884,4.42
20080826,1.7134,3.7809,4.43
20080827,1.6852,3.7639,4.41
20080828,1.7414,3.7817,4.41
20080829,1.7157,3.8191,4.47
20080901,1.7183,3.8181,#N/A
20080902,1.7108,3.7354,4.39
20080903,1.715,3.7036,4.36
20080904,1.6799,3.6289,4.31
20080905,1.7463,3.7099,4.31
20080908,1.716,3.679,4.3
20080909,1.6673,3.5723,4.24
20080910,1.6493,3.6305,4.27
20080911,1.6186,3.6462,4.25
20080912,1.4934,3.7187,4.36
20080915,1.0216,3.3868,4.14
20080916,0.7059,3.4449,4.12
20080917,0.071,3.4201,4.12
20080918,0.0811,3.5446,4.19
20080919,0.9146,3.8134,4.42
20080922,0.9197,3.8143,4.48
20080923,0.7263,3.8048,4.5
20080924,0.4669,3.8123,4.48
20080925,0.7644,3.8692,4.48
20080926,0.8484,3.8577,4.44
20080929,0.6347,3.5795,4.21
20080930,0.907,3.8253,4.43
20081001,0.8102,3.741,4.33
20081002,0.6118,3.6322,4.28
20081003,0.4771,3.6021,4.26
20081006,0.5152,3.4551,4.12
20081007,0.7746,3.5074,4.15
20081008,0.6194,3.6401,4.31
20081009,0.5279,3.8002,4.41
20081010,0.5279,3.8858,4.41
20081013,0.1927,3.8858,#N/A
20081014,0.3349,4.0821,4.57
20081015,0.2206,3.955,4.57
20081016,0.439,3.9637,4.59
20081017,0.8026,3.9356,4.66
20081020,1.275,3.8454,4.6
20081021,1.0883,3.7417,4.52
20081022,1.0292,3.5987,4.42
20081023,0.9833,3.6792,4.34
20081024,0.8636,3.6847,4.44
20081027,0.8434,3.694,4.43
20081028,0.7619,3.8374,4.51
20081029,0.5915,3.8575,4.59
20081030,0.3755,3.9693,4.67
20081031,0.3755,3.9693,4.74
20081103,0.5,3.917,4.73
20081104,0.4517,3.7294,4.58
20081105,0.3958,3.7057,4.49
20081106,0.312,3.6923,4.52
20081107,0.2993,3.7901,4.57
20081110,0.2993,3.7901,4.5
20081111,0.2486,3.7718,#N/A
20081112,0.1598,3.7415,4.44
20081113,0.2003,3.8544,4.57
20081114,0.1344,3.7405,4.43
20081117,0.1141,3.6541,4.42
20081118,0.1166,3.533,4.32
20081119,0.071,3.3404,4.17
20081120,0.0304,3.0166,3.87
20081121,0.0788,3.329,3.93
20081124,0.0963,3.329,4.01
20081125,0.1141,3.1131,3.85
20081126,0.1141,3.1131,3.77
20081127,0.0482,2.9793,#N/A
20081128,0.0406,2.92,3.71
20081201,0.0684,2.7343,3.51
20081202,0.0583,2.6861,3.47
20081203,0.0177,2.6551,3.45
20081204,0.0177,2.5513,3.35
20081205,0.0177,2.5513,3.41
20081208,0.0203,2.743,3.45
20081209,0.0253,2.651,3.35
20081210,0.0101,2.6849,3.39
20081211,0.0076,2.6036,3.35
20081212,0.0253,2.5748,3.36
20081215,0.033,2.5195,3.29
20081216,0.0406,2.2673,3.16
20081217,0.0127,2.1915,3.01
20081218,0.0127,2.082,2.86
20081219,0.0152,2.1198,2.89
20081222,0.0355,2.1198,2.92
20081223,0.0203,2.1786,2.93
20081224,0.0203,2.1786,2.94
20081225,0.0101,2.1762,#N/A
20081226,0.0203,2.1347,2.91
20081229,0.0304,2.1013,2.94
20081230,0.0304,2.1013,2.88
20081231,0.0862,2.0579,3.05
20090101,0.0862,2.0579,#N/A
20090102,0.0532,2.2296,3.22
20090105,0.1217,2.4846,3.37
20090106,0.1471,2.4522,3.41
20090107,0.104,2.495,3.41
20090108,0.0837,2.4465,3.4
20090109,0.0684,2.3942,3.39
20090112,0.0406,2.3069,3.3
20090113,0.1116,2.2924,3.3
20090114,0.1065,2.2051,3.17
20090115,0.1116,2.2089,3.16
20090116,0.1116,2.2089,3.22
20090119,0.1242,2.3263,#N/A
20090120,0.1344,2.3813,3.3
20090121,0.1166,2.5386,3.51
20090122,0.1065,2.5948,3.61
20090123,0.1065,2.6215,3.65
20090126,0.1471,2.6463,3.71
20090127,0.1344,2.5309,3.57
20090128,0.1826,2.6691,3.73
20090129,0.2359,2.8594,3.85
20090130,0.2384,2.85,3.86
20090202,0.2638,2.72,3.75
20090203,0.3171,2.8849,3.88
20090204,0.3095,2.938,3.88
20090205,0.2841,2.9191,3.86
20090206,0.2892,2.9837,3.94
20090209,0.3196,2.988,3.91
20090210,0.3171,2.988,3.77
20090211,0.312,2.7858,3.69
20090212,0.3044,2.7896,3.71
20090213,0.3044,2.7896,3.91
20090216,0.3019,2.8995,#N/A
20090217,0.3196,2.6497,3.7
20090218,0.3095,2.7581,3.77
20090219,0.3095,2.8567,3.92
20090220,0.2765,2.7888,3.82
20090223,0.2993,2.7563,3.79
20090224,0.3069,2.8014,3.77
20090225,0.3069,2.9318,3.88
20090226,0.2739,2.9935,3.93
20090227,0.2536,3.0224,3.98
20090302,0.2816,2.8697,3.89
20090303,0.2638,2.8835,3.92
20090304,0.2612,2.9809,3.96
20090305,0.1978,2.8133,3.76
20090306,0.2003,2.8699,3.74
20090309,0.2384,2.858,3.83
20090310,0.2486,3.0062,3.94
20090311,0.2333,2.9057,3.88
20090312,0.2029,2.8581,3.82
20090313,0.2054,2.8939,3.84
20090316,0.2384,2.9529,3.93
20090317,0.2409,3.0113,3.99
20090318,0.213,2.5321,3.65
20090319,0.213,2.5321,3.64
20090320,0.2054,2.6362,3.67
20090323,0.2181,2.6514,3.7
20090324,0.2181,2.6514,3.64
20090325,0.1927,2.7898,3.76
20090326,0.1496,2.7394,3.69
20090327,0.1293,2.7593,3.66
20090330,0.1927,2.7185,3.64
20090331,0.2105,2.667,3.61
20090401,0.213,2.6607,3.54
20090402,0.2156,2.7684,3.63
20090403,0.2105,2.8876,3.77
20090406,0.2003,2.9264,3.82
20090407,0.2003,2.8987,3.79
20090408,0.1902,2.8591,3.74
20090409,0.1902,2.8591,3.85
20090410,0.1826,2.9275,#N/A
20090413,0.1775,2.8638,3.78
20090414,0.1724,2.7867,3.73
20090415,0.1521,2.7703,3.75
20090416,0.1521,2.7703,3.81
20090417,0.142,2.9474,3.91
20090420,0.142,2.8354,3.8
20090421,0.1521,2.902,3.86
20090422,0.1369,2.9401,3.93
20090423,0.1014,2.9206,3.9
20090424,0.1166,2.9954,3.99
20090427,0.1242,2.9143,3.92
20090428,0.1242,2.9143,4.03
20090429,0.0963,3.1105,4.07
20090430,0.1344,3.1182,4.1
20090501,0.1344,3.1182,4.14
20090504,0.1775,3.1555,4.11
20090505,0.1978,3.1508,4.11
20090506,0.1953,3.1877,4.12
20090507,0.1953,3.3342,4.26
20090508,0.1775,3.2867,4.25
20090511,0.1851,3.1764,4.15
20090512,0.1851,3.1773,4.13
20090513,0.175,3.1223,4.06
20090514,0.1674,3.0887,4.04
20090515,0.1724,3.1362,4.07
20090518,0.1902,3.2385,4.16
20090519,0.1902,3.246,4.19
20090520,0.1775,3.1942,4.11
20090521,0.1877,3.3654,4.27
20090522,0.1877,3.3654,4.36
20090525,0.1851,3.4505,#N/A
20090526,0.1826,3.5506,4.42
20090527,0.175,3.7205,4.58
20090528,0.1395,3.616,4.52
20090529,0.142,3.4604,4.34
20090601,0.1369,3.6716,4.56
20090602,0.1445,3.6147,4.51
20090603,0.1344,3.5408,4.44
20090604,0.1445,3.7108,4.58
20090605,0.1927,3.8347,4.64
20090608,0.1927,3.8715,4.66
20090609,0.1902,3.8578,4.65
20090610,0.18,3.9464,4.75
20090611,0.1851,3.8561,4.67
20090612,0.175,3.7915,4.63
20090615,0.1648,3.7123,4.58
20090616,0.1775,3.6579,4.47
20090617,0.18,3.6969,4.47
20090618,0.1826,3.8306,4.62
20090619,0.1877,3.7807,4.54
20090622,0.2003,3.6819,4.45
20090623,0.2029,3.6218,4.36
20090624,0.1927,3.6841,4.43
20090625,0.175,3.538,4.31
20090626,0.1877,3.5392,4.28
20090629,0.1927,3.475,4.29
20090630,0.1978,3.5327,4.3
20090701,0.1699,3.5376,4.32
20090702,0.1699,3.5376,4.28
20090703,0.1547,3.4992,#N/A
20090706,0.1902,3.5002,4.29
20090707,0.2003,3.4517,4.25
20090708,0.1902,3.3054,4.13
20090709,0.1877,3.406,4.26
20090710,0.1826,3.3009,4.16
20090713,0.1826,3.3539,4.21
20090714,0.1851,3.4714,4.35
20090715,0.1877,3.6116,4.46
20090716,0.1851,3.5729,4.43
20090717,0.1851,3.5729,4.51
20090720,0.1877,3.6073,4.45
20090721,0.1902,3.4873,4.35
20090722,0.1902,3.5473,4.42
20090723,0.1953,3.6526,4.55
20090724,0.1902,3.6569,4.53
20090727,0.1877,3.7239,4.6
20090728,0.1978,3.6846,4.54
20090729,0.1877,3.6612,4.49
20090730,0.18,3.6094,4.44
20090731,0.1902,3.4797,4.29
20090803,0.1877,3.6324,4.4
20090804,0.1826,3.6855,4.44
20090805,0.1877,3.7469,4.54
20090806,0.175,3.7491,4.51
20090807,0.1724,3.8502,4.59
20090810,0.1674,3.7765,4.49
20090811,0.1877,3.6668,4.4
20090812,0.1877,3.7183,4.49
20090813,0.1775,3.6,4.37
20090814,0.18,3.572,4.33
20090817,0.1851,3.4744,4.26
20090818,0.1902,3.5124,4.29
20090819,0.175,3.4549,4.23
20090820,0.175,3.4346,4.18
20090821,0.1724,3.5662,4.32
20090824,0.1674,3.4787,4.22
20090825,0.1699,3.438,4.17
20090826,0.1547,3.4398,4.15
20090827,0.1572,3.4675,4.19
20090828,0.1496,3.4535,4.17
20090831,0.1471,3.4017,4.14
20090901,0.1521,3.3667,4.14
20090902,0.142,3.3052,4.04
20090903,0.1395,3.3454,4.09
20090904,0.1395,3.3454,4.21
20090907,0.142,3.4364,#N/A
20090908,0.1471,3.4865,4.24
20090909,0.1521,3.4753,4.26
20090910,0.1521,3.3504,4.11
20090911,0.1521,3.3521,4.1
20090914,0.142,3.4258,4.16
20090915,0.1318,3.4573,4.21
20090916,0.0963,3.4722,4.22
20090917,0.1014,3.3887,4.14
20090918,0.1014,3.3887,4.2
20090921,0.1065,3.4702,4.2
20090922,0.1116,3.4822,4.18
20090923,0.104,3.4226,4.18
20090924,0.0989,3.3845,4.14
20090925,0.104,3.3216,4.07
20090928,0.1141,3.2784,4.02
20090929,0.1344,3.2921,4.02
20090930,0.1242,3.3067,4.02
20091001,0.0963,3.1832,3.95
20091002,0.0963,3.2211,3.98
20091005,0.0761,3.2238,3.98
20091006,0.0811,3.2566,4.03
20091007,0.071,3.1862,3.96
20091008,0.071,3.25,4.05
20091009,0.0761,3.3853,4.2
20091012,0.0761,3.3853,#N/A
20091013,0.0684,3.3556,4.14
20091014,0.0761,3.415,4.26
20091015,0.0735,3.4607,4.29
20091016,0.0761,3.4148,4.22
20091019,0.0811,3.3896,4.19
20091020,0.0811,3.344,4.14
20091021,0.0761,3.3894,4.2
20091022,0.0761,3.3894,4.22
20091023,0.0659,3.497,4.27
20091026,0.071,3.5574,4.35
20091027,0.071,3.4508,4.26
20091028,0.071,3.4161,4.22
20091029,0.0608,3.5044,4.31
20091030,0.0558,3.386,4.19
20091102,0.0558,3.4168,4.22
20091103,0.0558,3.4712,4.29
20091104,0.0608,3.5297,4.36
20091105,0.0355,3.5316,4.36
20091106,0.0532,3.5012,4.35
20091109,0.0507,3.4852,4.34
20091110,0.0684,3.4832,4.36
20091111,0.0684,3.479,#N/A
20091112,0.071,3.4429,4.33
20091113,0.0608,3.4295,4.29
20091116,0.0684,3.3311,4.18
20091117,0.0583,3.3182,4.17
20091118,0.0355,3.3644,4.21
20091119,0.0203,3.3496,4.19
20091120,0.0203,3.3616,4.2
20091123,0.0406,3.3634,4.2
20091124,0.0456,3.3162,4.16
20091125,0.0456,3.2774,4.12
20091126,0.0456,3.2168,#N/A
20091127,0.0279,3.2075,4.07
20091130,0.0558,3.2002,4.07
20091201,0.0659,3.27,4.14
20091202,0.0482,3.32,4.14
20091203,0.0558,3.38,4.23
20091204,0.0482,3.4803,4.31
20091207,0.0406,3.4511,4.29
20091208,0.033,3.3912,4.28
20091209,0.0304,3.423,4.31
20091210,0.038,3.4784,4.37
20091211,0.033,3.5371,4.39
20091214,0.0406,3.5476,4.39
20091215,0.0507,3.6047,4.42
20091216,0.0355,3.5885,4.42
20091217,0.0456,3.4937,4.31
20091218,0.0507,3.544,4.36
20091221,0.0735,3.6817,4.47
20091222,0.0735,3.7456,4.52
20091223,0.0583,3.7476,4.54
20091224,0.0583,3.8044,4.6
20091225,0.0406,3.8044,#N/A
20091228,0.0913,3.8347,4.61
20091229,0.109,3.8075,4.57
20091230,0.109,3.7871,4.54
20091231,0.0532,3.8334,4.58
20100101,0.0608,3.8334,#N/A
20100104,0.0761,3.8404,4.6
20100105,0.071,3.7535,4.54
20100106,0.0608,3.8063,4.63
20100107,0.0558,3.8191,4.62
20100108,0.0558,3.8116,4.61
20100111,0.0659,3.8175,4.64
20100112,0.0482,3.7152,4.52
20100113,0.0583,3.7825,4.6
20100114,0.0659,3.7348,4.52
20100115,0.0659,3.673,4.48
20100118,0.0583,3.6788,#N/A
20100119,0.0583,3.705,4.49
20100120,0.0532,3.6566,4.43
20100121,0.0532,3.6123,4.38
20100122,0.0532,3.5971,4.38
20100125,0.0583,3.6328,4.42
20100126,0.0659,3.6261,4.43
20100127,0.0811,3.6377,4.42
20100128,0.0786,3.6572,4.44
20100129,0.0786,3.6071,4.38
20100201,0.1014,3.6516,4.43
20100202,0.0989,3.6342,4.42
20100203,0.1014,3.6955,4.49
20100204,0.0913,3.6111,4.39
20100205,0.0963,3.5457,4.36
20100208,0.1141,3.592,4.38
20100209,0.1116,3.6327,4.44
20100210,0.1116,3.6843,4.51
20100211,0.1014,3.7277,4.54
20100212,0.1014,3.6927,4.52
20100215,0.0963,3.6946,#N/A
20100216,0.0963,3.6651,4.49
20100217,0.0963,3.7417,4.56
20100218,0.1065,3.8027,4.61
20100219,0.109,3.7818,4.58
20100222,0.1065,3.7981,4.6
20100223,0.1217,3.6878,4.49
20100224,0.1192,3.6953,4.49
20100225,0.1268,3.6434,4.44
20100226,0.1268,3.5944,4.4
20100301,0.1293,3.6076,4.41
20100302,0.1344,3.6151,4.42
20100303,0.1445,3.6235,4.43
20100304,0.1471,3.6057,4.4
20100305,0.1547,3.6736,4.49
20100308,0.1547,3.704,4.52
20100309,0.1623,3.6983,4.53
20100310,0.1572,3.7192,4.53
20100311,0.1521,3.7173,4.51
20100312,0.1547,3.7212,4.47
20100315,0.1699,3.704,4.48
20100316,0.1674,3.6547,4.43
20100317,0.1572,3.6452,4.41
20100318,0.1598,3.6698,4.43
20100319,0.1598,3.6889,4.41
20100322,0.1598,3.6604,4.41
20100323,0.1445,3.6794,4.43
20100324,0.1471,3.8289,4.56
20100325,0.142,3.8948,4.63
20100326,0.142,3.8571,4.6
20100329,0.1547,3.8669,4.61
20100330,0.1521,3.865,4.59
20100331,0.1598,3.8379,4.55
20100401,0.1598,3.8583,4.58
20100402,0.1598,3.9383,4.65
20100405,0.1775,3.9913,4.69
20100406,0.1724,3.9678,4.68
20100407,0.1724,3.8624,4.58
20100408,0.1648,3.8936,4.6
20100409,0.1547,3.8919,4.58
20100412,0.1623,3.8462,4.54
20100413,0.1623,3.8084,4.52
20100414,0.1598,3.854,4.57
20100415,0.1598,3.8502,4.56
20100416,0.1598,3.767,4.5
20100419,0.1572,3.8019,4.54
20100420,0.1572,3.8009,4.51
20100421,0.1547,3.7372,4.45
20100422,0.1623,3.77,4.48
20100423,0.1598,3.8128,4.51
20100426,0.1572,3.8147,4.5
20100427,0.1521,3.6873,4.4
20100428,0.1521,3.7809,4.47
20100429,0.1674,3.7258,4.42
20100430,0.1674,3.6605,4.36
20100503,0.1699,3.7057,4.37
20100504,0.1674,3.6089,4.27
20100505,0.1572,3.5575,4.23
20100506,0.1192,3.3916,4.03
20100507,0.1293,3.4336,4.11
20100510,0.1648,3.5384,4.23
20100511,0.1598,3.5346,4.24
20100512,0.1623,3.5669,4.29
20100513,0.1648,3.5604,4.26
20100514,0.1572,3.4438,4.13
20100517,0.1597,3.4707,4.17
20100518,0.1775,3.379,4.08
20100519,0.1648,3.3486,4.07
20100520,0.1699,3.2688,3.96
20100521,0.1674,3.2031,3.91
20100524,0.1572,3.233,3.96
20100525,0.1674,3.1576,3.91
20100526,0.1699,3.2192,3.94
20100527,0.1699,3.3363,4.08
20100528,0.1699,3.3002,4.05
20100531,0.1674,3.3002,#N/A
20100601,0.1598,3.2965,4.03
20100602,0.1572,3.3332,4.08
20100603,0.1521,3.3757,4.12
20100604,0.142,3.2066,3.95
20100607,0.1217,3.1819,3.93
20100608,0.1217,3.1691,3.92
20100609,0.1014,3.1854,3.94
20100610,0.0938,3.3133,4.06
20100611,0.0786,3.2152,3.97
20100614,0.071,3.2765,4.02
20100615,0.0862,3.3142,4.06
20100616,0.0989,3.2782,4
20100617,0.0963,3.1921,3.95
20100618,0.104,3.2247,3.97
20100621,0.1217,3.2375,3.99
20100622,0.1293,3.1689,3.92
20100623,0.1268,3.1152,3.87
20100624,0.1318,3.1223,3.91
20100625,0.1369,3.1148,3.89
20100628,0.1521,3.0315,3.82
20100629,0.1521,2.9668,3.76
20100630,0.1826,2.9532,3.74
20100701,0.175,2.9281,3.71
20100702,0.175,2.9786,3.77
20100705,0.1724,2.9403,#N/A
20100706,0.1674,2.9301,3.71
20100707,0.1648,2.9801,3.78
20100708,0.1547,3.0196,3.81
20100709,0.1547,3.0599,3.85
20100712,0.1623,3.048,3.86
20100713,0.1572,3.1115,3.92
20100714,0.1547,3.0496,3.84
20100715,0.1547,2.9746,3.77
20100716,0.1547,2.9374,3.74
20100719,0.1699,2.966,3.78
20100720,0.1623,2.9336,3.78
20100721,0.1572,2.8914,3.68
20100722,0.1572,2.9297,3.75
20100723,0.1547,2.9941,3.81
20100726,0.1572,2.9958,3.82
20100727,0.1572,3.0446,3.88
20100728,0.1572,3.001,3.86
20100729,0.1572,3.0027,3.86
20100730,0.1496,2.9095,3.74
20100802,0.1471,2.9624,3.82
20100803,0.1521,2.9137,3.78
20100804,0.1521,2.9514,3.81
20100805,0.1521,2.9125,3.78
20100806,0.1496,2.8208,3.71
20100809,0.1547,2.8215,3.73
20100810,0.1572,2.7689,3.7
20100811,0.1547,2.6804,3.62
20100812,0.1572,2.7314,3.63
20100813,0.1572,2.6846,3.56
20100816,0.1598,2.5729,3.42
20100817,0.1648,2.6452,3.47
20100818,0.1598,2.6389,3.44
20100819,0.1572,2.5755,3.37
20100820,0.1572,2.6147,3.38
20100823,0.1598,2.6067,3.37
20100824,0.1598,2.5,3.28
20100825,0.1623,2.5372,3.31
20100826,0.1572,2.4973,3.25
20100827,0.1496,2.6487,3.41
20100830,0.142,2.545,3.3
20100831,0.142,2.4794,3.23
20100901,0.1395,2.5789,3.35
20100902,0.1395,2.6326,3.41
20100903,0.1395,2.7029,3.49
20100906,0.1344,2.7083,#N/A
20100907,0.1395,2.6092,3.37
20100908,0.1395,2.6533,3.42
20100909,0.1445,2.762,3.54
20100910,0.142,2.7913,3.58
20100913,0.1496,2.7393,3.52
20100914,0.1521,2.665,3.48
20100915,0.16,2.7148,3.55
20100916,0.1572,2.7576,3.61
20100917,0.1598,2.7431,3.6
20100920,0.1648,2.7067,3.57
20100921,0.1648,2.584,3.49
20100922,0.1648,2.5463,3.43
20100923,0.1598,2.5534,3.43
20100924,0.1496,2.6109,3.5
20100927,0.1572,2.514,3.4
20100928,0.1598,2.4552,3.35
20100929,0.1648,2.5032,3.38
20100930,0.1648,2.5157,3.38
20101001,0.1598,2.5246,3.4
20101004,0.1369,2.4781,3.39
20101005,0.1192,2.4745,3.41
20101006,0.1242,2.3981,3.34
20101007,0.1242,2.3945,3.38
20101008,0.1242,2.3828,3.39
20101011,0.1242,2.3952,#N/A
20101012,0.1369,2.4235,3.44
20101013,0.1369,2.4234,3.48
20101014,0.1445,2.4938,3.54
20101015,0.1445,2.5746,3.62
20101018,0.1369,2.4892,3.57
20101019,0.1445,2.4757,3.53
20101020,0.142,2.4677,3.53
20101021,0.1318,2.5331,3.59
20101022,0.1293,2.561,3.59
20101025,0.1369,2.551,3.56
20101026,0.1369,2.6353,3.66
20101027,0.142,2.7193,3.72
20101028,0.1344,2.6562,3.7
20101029,0.1166,2.6116,3.64
20101101,0.1319,2.6262,3.66
20101102,0.1319,2.5925,3.58
20101103,0.1293,2.6107,3.71
20101104,0.1268,2.4868,3.62
20101105,0.1242,2.5372,3.69
20101108,0.1293,2.5553,3.7
20101109,0.1344,2.6563,3.83
20101110,0.1344,2.6599,3.83
20101111,0.1395,2.6402,#N/A
20101112,0.1344,2.7531,3.88
20101115,0.1445,2.9091,4.01
20101116,0.142,2.8468,3.9
20101117,0.1445,2.8643,3.95
20101118,0.142,2.9001,3.95
20101119,0.142,2.8745,3.91
20101122,0.1445,2.8151,3.85
20101123,0.1496,2.7569,3.82
20101124,0.1496,2.9051,3.96
20101125,0.1623,2.7866,#N/A
20101126,0.1623,2.874,3.88
20101129,0.1775,2.8218,3.83
20101130,0.1699,2.7954,3.8
20101201,0.1648,2.9638,3.95
20101202,0.1598,2.9954,3.97
20101203,0.142,3.0162,4.01
20101206,0.1572,2.9474,3.94
20101207,0.1496,3.1659,4.11
20101208,0.1471,3.2317,4.18
20101209,0.1496,3.2223,4.15
20101210,0.1242,3.3022,4.19
20101213,0.1268,3.2803,4.15
20101214,0.142,3.4498,4.32
20101215,0.1369,3.5136,4.37
20101216,0.1471,3.4775,4.32
20101217,0.1116,3.3313,4.19
20101220,0.1395,3.3527,4.21
20101221,0.142,3.3258,4.21
20101222,0.142,3.3414,4.23
20101223,0.142,3.392,4.26
20101224,0.1369,3.392,#N/A
20101227,0.1648,3.3617,4.2
20101228,0.1445,3.4829,4.33
20101229,0.1344,3.3426,4.19
20101230,0.1344,3.3671,4.21
20101231,0.1268,3.2901,4.13
20110103,0.1521,3.3415,4.18
20110104,0.1445,3.3573,4.21
20110105,0.1496,3.4846,4.34
20110106,0.1471,3.4181,4.31
20110107,0.1471,3.3212,4.25
20110110,0.1547,3.302,4.23
20110111,0.1547,3.3429,4.26
20110112,0.1547,3.348,4.28
20110113,0.1521,3.3074,4.24
20110114,0.1521,3.3235,4.27
20110117,0.1572,3.3212,#N/A
20110118,0.1572,3.3685,4.31
20110119,0.1623,3.3385,4.27
20110120,0.1674,3.4581,4.36
20110121,0.1572,3.4135,4.33
20110124,0.1572,3.4038,4.31
20110125,0.1623,3.3161,4.23
20110126,0.1648,3.4248,4.34
20110127,0.1521,3.3858,4.31
20110128,0.1521,3.3287,4.26
20110131,0.1623,3.3777,4.33
20110201,0.1623,3.4428,4.37
20110202,0.1623,3.4835,4.39
20110203,0.1648,3.5423,4.43
20110204,0.1547,3.6512,4.51
20110207,0.1521,3.6433,4.5
20110208,0.1572,3.7245,4.56
20110209,0.1445,3.6398,4.49
20110210,0.1445,3.7164,4.55
20110211,0.1217,3.6465,4.49
20110214,0.1217,3.6183,4.46
20110215,0.1318,3.6155,4.45
20110216,0.1166,3.6258,4.46
20110217,0.1623,3.5752,4.44
20110218,0.0989,3.5854,4.46
20110221,0.0989,3.5901,#N/A
20110222,0.1065,3.4625,4.35
20110223,0.1242,3.4865,4.34
20110224,0.1623,3.4365,4.29
20110225,0.1369,3.4243,4.26
20110228,0.1471,3.4187,4.25
20110301,0.1369,3.4168,4.24
20110302,0.1293,3.464,4.3
20110303,0.1293,3.573,4.4
20110304,0.1141,3.4963,4.34
20110307,0.1217,3.5,4.36
20110308,0.1141,3.5467,4.41
20110309,0.0989,3.4739,4.35
20110310,0.0811,3.4006,4.25
20110311,0.0786,3.3977,4.29
20110314,0.0989,3.3515,4.25
20110315,0.0963,3.3248,4.21
20110316,0.0938,3.2124,4.11
20110317,0.0862,3.2523,4.15
20110318,0.0862,3.2777,4.17
20110321,0.0938,3.317,4.2
20110322,0.0989,3.3371,4.19
20110323,0.0913,3.3518,4.2
20110324,0.0913,3.4063,4.25
20110325,0.0887,3.4433,4.28
20110328,0.0989,3.4526,4.28
20110329,0.1065,3.4861,4.31
20110330,0.0963,3.459,4.29
20110331,0.0989,3.4534,4.29
20110401,0.0659,3.4532,4.27
20110404,0.0583,3.4345,4.27
20110405,0.0761,3.4896,4.3
20110406,0.0608,3.5516,4.37
20110407,0.0608,3.5497,4.41
20110408,0.0456,3.5828,4.41
20110411,0.0456,3.5894,4.42
20110412,0.0507,3.4988,4.35
20110413,0.0558,3.464,4.33
20110414,0.0735,3.5015,4.32
20110415,0.071,3.4152,4.25
20110418,0.0608,3.3835,4.22
20110419,0.0608,3.3676,4.2
20110420,0.0634,3.4141,4.24
20110421,0.0634,3.402,4.24
20110422,0.0532,3.402,#N/A
20110425,0.071,3.37,4.22
20110426,0.0608,3.3106,4.16
20110427,0.0532,3.3615,4.21
20110428,0.0532,3.3234,4.18
20110429,0.0456,3.2926,4.15
20110502,0.0482,3.2814,4.14
20110503,0.0279,3.2527,4.11
20110504,0.0279,3.2231,4.08
20110505,0.0304,3.1561,4
20110506,0.0076,3.1539,4.03
20110509,0.0355,3.1566,4.03
20110510,0.033,3.2161,4.07
20110511,0.0253,3.1637,4.04
20110512,0.0203,3.2266,4.07
20110513,0.0304,3.175,4.03
20110516,0.0304,3.1502,3.99
20110517,0.0406,3.1172,3.94
20110518,0.0456,3.1842,4
20110519,0.0507,3.175,4.01
20110520,0.0532,3.1474,4
20110523,0.0558,3.1309,3.97
20110524,0.0558,3.1162,3.96
20110525,0.0558,3.1345,3.99
20110526,0.0532,3.0622,3.93
20110527,0.0532,3.0758,3.94
20110530,0.0532,3.0758,#N/A
20110531,0.0583,3.0612,3.91
20110601,0.0507,2.9431,3.83
20110602,0.0482,3.0301,3.92
20110603,0.0406,2.99,3.9
20110606,0.0355,2.9963,3.92
20110607,0.0456,2.999,3.94
20110608,0.0456,2.95,3.88
20110609,0.0431,2.9971,3.91
20110610,0.0456,2.9752,3.87
20110613,0.0456,2.9852,3.89
20110614,0.0558,3.0994,4
20110615,0.0558,2.9733,3.89
20110616,0.038,2.9297,3.84
20110617,0.0304,2.9458,3.86
20110620,0.0253,2.9621,3.87
20110621,0.0304,2.9839,3.9
20110622,0.0203,2.9848,3.91
20110623,0.0152,2.9148,3.84
20110624,0.0177,2.8659,3.83
20110627,0.0228,2.93,3.94
20110628,0.0304,3.0331,4.01
20110629,0.0253,3.1141,4.08
20110630,0.0228,3.1632,4.09
20110701,0.0228,3.1874,4.12
20110704,0.0152,3.1874,#N/A
20110705,0.0228,3.1233,4.09
20110706,0.0076,3.1085,4.05
20110707,0.0304,3.14,4.08
20110708,0.0279,3.0291,3.97
20110711,0.0279,2.9221,3.88
20110712,0.0355,2.8784,3.86
20110713,0.0178,2.8874,3.85
20110714,0.0076,2.9538,3.92
20110715,0.0076,2.909,3.92
20110718,0.0203,2.9272,3.95
20110719,0.028,2.8807,3.86
20110720,0.0229,2.9298,3.92
20110721,0.0407,3.0168,3.98
20110722,0.0407,2.9625,3.93
20110725,0.0559,3.0048,3.98
20110726,0.0661,2.9515,3.94
20110727,0.0763,2.9872,3.95
20110728,0.0813,2.9477,3.93
20110729,0.1017,2.8002,3.77
20110801,0.1271,2.746,3.72
20110802,0.0585,2.6155,3.59
20110803,0.0203,2.6207,3.55
20110804,0.0152,2.4068,3.37
20110805,0.0152,2.5661,3.49
20110808,0.0482,2.3219,3.31
20110809,0.0355,2.2536,3.17
20110810,0.0203,2.1092,3.08
20110811,0.0203,2.3415,3.34
20110812,0.0153,2.2582,3.24
20110815,0.0254,2.3096,3.29
20110816,0.0127,2.2239,3.23
20110817,0.0178,2.1686,3.14
20110818,0.0178,2.0606,3.02
20110819,0.0127,2.0657,2.97
20110822,0.0102,2.1101,3
20110823,0.0127,2.1528,3.06
20110824,-0.0102,2.2975,3.23
20110825,0.0076,2.232,3.17
20110826,0.0153,2.1933,3.13
20110829,0.0076,2.256,3.22
20110830,0.0127,2.1766,3.12
20110831,0.0177,2.2251,3.19
20110901,0.0152,2.1301,3.1
20110902,0.0152,1.99,2.92
20110905,0.0304,1.9831,#N/A
20110906,0.0279,1.9831,2.86
20110907,0.0229,2.0437,2.96
20110908,0.0178,1.9795,2.92
20110909,0.0127,1.9157,2.86
20110912,0.0102,1.9492,2.84
20110913,0.0102,1.9923,2.92
20110914,0.0102,1.9871,2.92
20110915,0.0102,2.0871,2.97
20110916,0.0102,2.0513,2.96
20110919,0.0203,1.9592,2.84
20110920,0.0153,1.9359,2.82
20110921,0.0127,1.8593,2.69
20110922,0.0127,1.7189,2.48
20110923,0.0127,1.8393,2.59
20110926,0.0254,1.8985,2.69
20110927,0.0254,1.9762,2.79
20110928,0.0177,1.9857,2.82
20110929,0.0152,1.9987,2.76
20110930,0.0253,1.9145,2.66
20111003,0.0203,1.7611,2.51
20111004,0.0253,1.8198,2.53
20111005,0.0076,1.8876,2.62
20111006,0.0102,1.9915,2.71
20111007,0.0102,2.0763,2.78
20111010,0.0102,2.0763,#N/A
20111011,0.028,2.1602,2.87
20111012,0.0254,2.21,2.94
20111013,0.0229,2.1833,2.9
20111014,0.0203,2.2503,2.97
20111017,0.0305,2.1567,2.88
20111018,0.028,2.1798,2.91
20111019,0.0305,2.1629,2.9
20111020,0.0178,2.195,2.92
20111021,0.0229,2.2227,2.98
20111024,0.0178,2.2371,3
20111025,0.0127,2.1079,2.86
20111026,0.0228,2.2093,2.95
20111027,0.0203,2.3972,3.18
20111028,0.0152,2.322,3.09
20111031,0.0203,2.1132,2.89
20111101,0.0203,1.9862,2.73
20111102,0.0203,1.9897,2.75
20111103,0.0178,2.0769,2.83
20111104,0.0178,2.0362,2.81
20111107,0.0254,2.0362,2.77
20111108,0.0203,2.0777,2.84
20111109,0.0153,1.9658,2.73
20111110,0.0153,2.0602,2.8
20111111,0.0153,2.0585,#N/A
20111114,0.0203,2.0611,2.77
20111115,0.0178,2.0446,2.79
20111116,0.0178,2.0003,2.73
20111117,0.0127,1.9657,2.66
20111118,0.0076,2.0159,2.69
20111121,0.0127,1.957,2.65
20111122,0.0127,1.9234,2.6
20111123,0.0229,1.8906,2.53
20111124,0.0228,1.8881,#N/A
20111125,0.0253,1.9725,2.62
20111128,0.0228,1.9829,2.63
20111129,0.0203,1.9942,2.66
20111130,0.0102,2.0753,2.77
20111201,0.0102,2.0929,2.82
20111202,0.0127,2.0386,2.74
20111205,0.0102,2.0465,2.73
20111206,0.0127,2.0895,2.74
20111207,0.0102,2.0369,2.74
20111208,0.0102,1.975,2.7
20111209,0.0153,2.0641,2.79
20111212,0.0102,2.0186,2.75
20111213,0.0153,1.9671,2.66
20111214,0.0127,1.9047,2.59
20111215,-0.0051,1.9107,2.6
20111216,-0.0051,1.8528,2.54
20111219,0.0102,1.8141,2.48
20111220,0.0127,1.9288,2.61
20111221,0.0102,1.9688,2.67
20111222,0.0102,1.9522,2.67
20111223,0.0178,2.0274,2.73
20111226,0.0076,2.0274,#N/A
20111227,0.0203,2.0063,2.72
20111228,0.0203,1.9243,2.59
20111229,0.0153,1.9017,2.58
20111230,0.0153,1.8791,2.57
20120102,0.0153,1.8791,#N/A
20120103,0.0178,1.9512,2.67
20120104,0.0178,1.9827,2.71
20120105,0.0203,2.0011,2.74
20120106,0.0203,1.9625,2.7
20120109,0.0178,1.959,2.7
20120110,0.0178,1.9721,2.71
20120111,0.0229,1.9084,2.63
20120112,0.033,1.9284,2.65
20120113,0.033,1.8656,2.59
20120116,0.033,1.8656,#N/A
20120117,0.0356,1.8612,2.57
20120118,0.0305,1.9012,2.63
20120119,0.0483,1.9817,2.72
20120120,0.0432,2.0275,2.78
20120123,0.0458,2.053,2.82
20120124,0.0381,2.061,2.82
20120125,0.0483,1.997,2.78
20120126,0.0534,1.933,2.74
20120127,0.0559,1.892,2.71
20120130,0.0585,1.8503,2.64
20120131,0.0636,1.8,2.59
20120201,0.0636,1.8311,2.65
20120202,0.0864,1.8259,2.64
20120203,0.0763,1.92,2.76
20120206,0.0763,1.9077,2.71
20120207,0.0864,1.979,2.78
20120208,0.0864,1.9887,2.78
20120209,0.0941,2.0402,2.83
20120210,0.0941,1.9899,2.75
20120213,0.0788,1.9792,2.78
20120214,0.1144,1.9407,2.7
20120215,0.1144,1.9321,2.72
20120216,0.1042,1.9916,2.78
20120217,0.1042,2.0012,2.8
20120220,0.0864,2.0012,#N/A
20120221,0.089,2.0621,2.84
20120222,0.0864,2.0055,2.79
20120223,0.0941,1.9968,2.77
20120224,0.0991,1.9786,2.75
20120227,0.1119,1.9284,2.69
20120228,0.0966,1.9431,2.71
20120229,0.089,1.9742,2.73
20120301,0.0788,2.0325,2.8
20120302,0.0737,1.9768,2.77
20120305,0.0814,2.0151,2.78
20120306,0.0814,1.9473,2.73
20120307,0.0839,1.9811,2.76
20120308,0.089,2.0177,2.82
20120309,0.0813,2.0299,2.83
20120312,0.0763,2.0334,2.82
20120313,0.0941,2.1292,2.92
20120314,0.089,2.2717,3.08
20120315,0.0839,2.2807,3.08
20120316,0.0864,2.298,3.08
20120319,0.0864,2.3793,3.14
20120320,0.0941,2.3631,3.13
20120321,0.0915,2.2937,3.06
20120322,0.0839,2.2803,3.04
20120323,0.0763,2.2365,2.99
20120326,0.0839,2.2527,3
20120327,0.0839,2.1866,2.96
20120328,0.0813,2.2027,2.97
20120329,0.0686,2.1617,2.93
20120330,0.0788,2.2145,3
20120402,0.0661,2.1868,3
20120403,0.0788,2.3009,3.07
20120404,0.061,2.2281,3.02
20120405,0.0763,2.1816,2.97
20120406,0.0712,2.0565,2.85
20120409,0.0814,2.053,2.82
20120410,0.089,1.9888,2.77
20120411,0.0915,2.0336,2.82
20120412,0.0915,2.0548,2.85
20120413,0.0915,1.9852,2.77
20120416,0.0814,1.987,2.75
20120417,0.0864,1.9993,2.79
20120418,0.0763,1.9747,2.76
20120419,0.0763,1.9677,2.74
20120420,0.0763,1.9659,2.75
20120423,0.0788,1.9396,2.71
20120424,0.089,1.9764,2.75
20120425,0.0941,1.987,2.76
20120426,0.0941,1.943,2.74
20120427,0.0941,1.9412,2.73
20120430,0.1017,1.914,2.73
20120501,0.1017,1.9465,2.76
20120502,0.1017,1.9271,2.72
20120503,0.0839,1.9324,2.72
20120504,0.0813,1.8807,2.67
20120507,0.0915,1.8745,2.67
20120508,0.1017,1.8413,2.63
20120509,0.1017,1.8248,2.63
20120510,0.1017,1.8627,2.64
20120511,0.0991,1.8488,2.59
20120514,0.0992,1.7697,2.53
20120515,0.0991,1.7715,2.5
20120516,0.1017,1.7655,2.48
20120517,0.1042,1.6997,2.39
20120518,0.0864,1.7236,2.4
20120521,0.0763,1.7432,2.42
20120522,0.089,1.7732,2.48
20120523,0.0915,1.7364,2.41
20120524,0.0991,1.7732,2.46
20120525,0.0991,1.7432,2.44
20120528,0.0941,1.7432,#N/A
20120529,0.0839,1.7466,2.44
20120530,0.0763,1.623,2.32
20120531,0.0712,1.5621,2.27
20120601,0.0737,1.4564,2.13
20120604,0.0788,1.5249,2.17
20120605,0.0864,1.5779,2.23
20120606,0.0864,1.6619,2.34
20120607,0.0864,1.6406,2.35
20120608,0.0864,1.6379,2.36
20120611,0.0864,1.5887,2.3
20120612,0.0966,1.6609,2.37
20120613,0.1042,1.5971,2.3
20120614,0.1042,1.6421,2.33
20120615,0.0966,1.5808,2.3
20120618,0.0839,1.5756,2.28
20120619,0.0966,1.6206,2.33
20120620,0.0839,1.6547,2.34
20120621,0.0864,1.6163,2.3
20120622,0.0864,1.6769,2.37
20120625,0.0992,1.6042,2.31
20120626,0.0966,1.6306,2.34
20120627,0.0941,1.6229,2.32
20120628,0.0839,1.5845,2.28
20120629,0.0915,1.651,2.38
20120702,0.0915,1.589,2.3
20120703,0.0915,1.632,2.36
20120704,0.0864,1.617,#N/A
20120705,0.089,1.6,2.34
20120706,0.0788,1.555,2.28
20120709,0.0915,1.516,2.24
20120710,0.0966,1.505,2.22
20120711,0.0913,1.521,2.22
20120712,0.104,1.477,2.18
20120713,0.0913,1.49,2.2
20120716,0.0963,1.475,2.18
20120717,0.0989,1.509,2.22
20120718,0.0938,1.496,2.21
20120719,0.0887,1.512,2.24
20120720,0.0938,1.462,2.17
20120723,0.0963,1.431,2.15
20120724,0.1065,1.391,2.11
20120725,0.104,1.398,2.11
20120726,0.1065,1.443,2.13
20120727,0.1065,1.55,2.27
20120730,0.104,1.502,2.22
20120731,0.109,1.468,2.21
20120801,0.0991,1.527,2.25
20120802,0.0941,1.48,2.2
20120803,0.0839,1.565,2.3
20120806,0.0839,1.565,2.29
20120807,0.1042,1.631,2.37
20120808,0.1166,1.649,2.39
20120809,0.1192,1.691,2.4
20120810,0.109,1.662,2.37
20120813,0.109,1.666,2.37
20120814,0.1116,1.741,2.45
20120815,0.0887,1.818,2.53
20120816,0.0887,1.838,2.57
20120817,0.0887,1.818,2.55
20120820,0.104,1.812,2.55
20120821,0.109,1.803,2.53
20120822,0.109,1.694,2.44
20120823,0.104,1.677,2.41
20120824,0.0989,1.686,2.41
20120827,0.0811,1.655,2.38
20120828,0.0811,1.638,2.36
20120829,0.0991,1.654,2.38
20120830,0.1042,1.625,2.36
20120831,0.1042,1.554,2.29
20120903,0.0941,1.553,#N/A
20120904,0.1068,1.577,2.3
20120905,0.104,1.599,2.32
20120906,0.1116,1.681,2.41
20120907,0.109,1.671,2.42
20120910,0.109,1.656,2.43
20120911,0.109,1.704,2.44
20120912,0.104,1.76,2.52
20120913,0.1014,1.725,2.53
20120914,0.1014,1.87,2.68
20120917,0.1065,1.846,2.64
20120918,0.0989,1.81,2.61
20120919,0.1141,1.768,2.58
20120920,0.1141,1.766,2.58
20120921,0.1065,1.758,2.57
20120924,0.1141,1.712,2.53
20120925,0.1141,1.672,2.47
20120926,0.1093,1.613,2.4
20120927,0.1093,1.659,2.43
20120928,0.0991,1.633,2.42
20121001,0.0864,1.631,2.41
20121002,0.0915,1.622,2.41
20121003,0.0913,1.62,2.42
20121004,0.1065,1.68,2.48
20121005,0.0979,1.747,2.55
20121008,0.104,1.749,#N/A
20121009,0.0963,1.717,2.52
20121010,0.104,1.677,2.48
20121011,0.104,1.675,2.45
20121012,0.104,1.661,2.44
20121015,0.0887,1.667,2.45
20121016,0.0989,1.722,2.51
20121017,0.1166,1.827,2.6
20121018,0.104,1.835,2.63
20121019,0.104,1.77,2.55
20121022,0.104,1.818,2.57
20121023,0.109,1.763,2.53
20121024,0.0913,1.791,2.55
20121025,0.1195,1.827,2.6
20121026,0.117,1.749,2.53
20121029,0.0887,1.718,2.48
20121030,0.1144,1.718,#N/A
20121031,0.1166,1.695,2.46
20121101,0.1166,1.726,2.5
20121102,0.0938,1.716,2.51
20121105,0.0989,1.688,2.47
20121106,0.0941,1.753,2.52
20121107,0.0763,1.647,2.42
20121108,0.0938,1.618,2.35
20121109,0.0636,1.611,2.34
20121112,0.0763,1.59,#N/A
20121113,0.0837,1.6,2.31
20121114,0.0986,1.591,2.31
20121115,0.0703,1.595,2.3
20121116,0.0703,1.578,2.31
20121119,0.086,1.617,2.34
20121120,0.0761,1.67,2.4
20121121,0.0837,1.685,2.42
20121122,0.0837,1.687,#N/A
20121123,0.0938,1.693,2.42
20121126,0.0837,1.667,2.39
20121127,0.0938,1.639,2.38
20121128,0.0989,1.63,2.36
20121129,0.0887,1.62,2.37
20121130,0.0837,1.618,2.37
20121203,0.0887,1.622,2.37
20121204,0.104,1.61,2.36
20121205,0.0989,1.589,2.35
20121206,0.0989,1.585,2.33
20121207,0.0887,1.627,2.39
20121210,0.0786,1.62,2.38
20121211,0.071,1.658,2.41
20121212,0.068,1.701,2.48
20121213,0.0583,1.733,2.49
20121214,0.0304,1.707,2.46
20121217,0.0304,1.775,2.53
20121218,0.0507,1.822,2.59
20121219,0.0583,1.805,2.58
20121220,0.0583,1.801,2.57
20121221,0.0583,1.773,2.52
20121224,0.0634,1.776,2.53
20121225,0.0583,1.776,#N/A
20121226,0.0837,1.755,2.52
20121227,0.0837,1.742,2.48
20121228,0.0837,1.7,2.47
20121231,0.0127,1.76,2.54
20130101,0.0127,1.76,#N/A
20130102,0.0761,1.84,2.63
20130103,0.0735,1.914,2.7
20130104,0.0735,1.9,2.7
20130107,0.0735,1.9,2.7
20130108,0.0608,1.87,2.66
20130109,0.0608,1.858,2.65
20130110,0.071,1.895,2.68
20130111,0.071,1.87,2.65
20130114,0.0735,1.848,2.65
20130115,0.0862,1.839,2.62
20130116,0.0811,1.826,2.61
20130117,0.0811,1.882,2.66
20130118,0.0811,1.847,2.63
20130121,0.0761,1.863,#N/A
20130122,0.071,1.847,2.62
20130123,0.0761,1.83,2.62
20130124,0.0837,1.854,2.64
20130125,0.0837,1.955,2.75
20130128,0.071,1.961,2.76
20130129,0.071,2.001,2.79
20130130,0.071,1.994,2.8
20130131,0.0761,1.991,2.79
20130201,0.0761,2.016,2.83
20130204,0.0659,1.959,2.79
20130205,0.0735,2.001,2.83
20130206,0.0735,1.963,2.79
20130207,0.0735,1.956,2.78
20130208,0.0735,1.949,2.79
20130211,0.0735,1.968,2.78
20130212,0.0887,1.982,2.81
20130213,0.0938,2.032,2.86
20130214,0.1065,2,2.79
20130215,0.1065,2.005,2.8
20130218,0.1014,1.999,#N/A
20130219,0.0989,2.029,2.83
20130220,0.1242,2.012,2.82
20130221,0.1293,1.98,2.79
20130222,0.1293,1.965,2.77
20130225,0.1268,1.867,2.69
20130226,0.1166,1.884,2.69
20130227,0.1116,1.905,2.72
20130228,0.109,1.881,2.71
20130301,0.109,1.845,2.68
20130304,0.0862,1.88,2.7
20130305,0.0938,1.9,2.72
20130306,0.1014,1.944,2.77
20130307,0.1014,2.002,2.82
20130308,0.0963,2.045,2.89
20130311,0.0913,2.061,2.89
20130312,0.0963,2.023,2.85
20130313,0.0963,2.022,2.85
20130314,0.0963,2.033,2.87
20130315,0.0887,1.995,2.85
20130318,0.0583,1.958,2.79
20130319,0.0583,1.908,2.75
20130320,0.0735,1.96,2.8
20130321,0.0684,1.915,2.77
20130322,0.0735,1.927,2.75
20130325,0.0608,1.923,2.76
20130326,0.0761,1.914,2.75
20130327,0.0913,1.851,2.71
20130328,0.0913,1.854,2.71
20130329,0.066,1.854,#N/A
20130401,0.0735,1.834,2.7
20130402,0.0837,1.859,2.72
20130403,0.0634,1.814,2.66
20130404,0.0659,1.765,2.6
20130405,0.0659,1.713,2.5
20130408,0.0684,1.749,2.54
20130409,0.0735,1.751,2.57
20130410,0.071,1.806,2.63
20130411,0.0684,1.792,2.62
20130412,0.0684,1.727,2.62
20130415,0.0608,1.687,2.5
20130416,0.0608,1.723,2.53
20130417,0.0558,1.696,2.51
20130418,0.0558,1.687,2.49
20130419,0.0558,1.709,2.5
20130422,0.0507,1.696,2.5
20130423,0.0532,1.712,2.52
20130424,0.0583,1.706,2.5
20130425,0.0583,1.711,2.52
20130426,0.0583,1.667,2.47
20130429,0.0482,1.675,2.49
20130430,0.0532,1.677,2.49
20130501,0.0558,1.632,2.44
20130502,0.0558,1.628,2.44
20130503,0.0583,1.742,2.58
20130506,0.038,1.763,2.6
20130507,0.033,1.78,2.62
20130508,0.0431,1.771,2.61
20130509,0.0431,1.813,2.6
20130510,0.0431,1.902,2.7
20130513,0.0406,1.923,2.73
20130514,0.0456,1.977,2.77
20130515,0.0431,1.941,2.76
20130516,0.033,1.883,2.69
20130517,0.0355,1.956,2.77
20130520,0.0482,1.969,2.79
20130521,0.0431,1.932,2.75
20130522,0.0431,2.043,2.83
20130523,0.0482,2.018,2.82
20130524,0.0482,2.012,2.8
20130527,0.0431,2.002,#N/A
20130528,0.0456,2.168,2.95
20130529,0.0406,2.12,2.91
20130530,0.033,2.115,2.92
20130531,0.0355,2.132,2.95
20130603,0.0431,2.121,2.92
20130604,0.0456,2.153,2.95
20130605,0.0558,2.093,2.9
20130606,0.0532,2.08,2.92
20130607,0.0482,2.178,2.98
20130610,0.0456,2.215,3.03
20130611,0.0507,2.188,3
20130612,0.0507,2.231,3.04
20130613,0.0456,2.153,2.99
20130614,0.0482,2.132,2.95
20130617,0.0456,2.184,3.01
20130618,0.0456,2.189,3
20130619,0.0456,2.357,3.09
20130620,0.0456,2.421,3.18
20130621,0.0507,2.539,3.26
20130624,0.0507,2.542,3.27
20130625,0.0634,2.61,3.31
20130626,0.0608,2.54,3.27
20130627,0.0532,2.475,3.22
20130628,0.038,2.487,3.22
20130701,0.0304,2.48,3.19
20130702,0.0279,2.477,3.18
20130703,0.0279,2.505,3.22
20130704,0.0431,2.505,#N/A
20130705,0.0431,2.74,3.41
20130708,0.0431,2.641,3.35
20130709,0.0431,2.64,3.36
20130710,0.0431,2.627,3.4
20130711,0.0355,2.576,3.33
20130712,0.0355,2.587,3.34
20130715,0.038,2.542,3.3
20130716,0.0304,2.535,3.28
20130717,0.0304,2.493,3.27
20130718,0.033,2.531,3.32
20130719,0.0253,2.489,3.25
20130722,0.0304,2.485,3.25
20130723,0.0228,2.505,3.27
20130724,0.0279,2.589,3.34
20130725,0.0203,2.577,3.34
20130726,0.0203,2.566,3.31
20130729,0.0304,2.605,3.35
20130730,0.038,2.616,3.36
20130731,0.038,2.581,3.34
20130801,0.0406,2.708,3.48
20130802,0.0355,2.6,3.39
20130805,0.0431,2.64,3.42
20130806,0.0431,2.645,3.42
20130807,0.0482,2.601,3.37
20130808,0.0532,2.591,3.37
20130809,0.0532,2.581,3.36
20130812,0.0583,2.62,3.39
20130813,0.0532,2.724,3.48
20130814,0.0532,2.717,3.48
20130815,0.0558,2.772,3.54
20130816,0.0456,2.829,3.61
20130819,0.0532,2.882,3.64
20130820,0.0406,2.819,3.59
20130821,0.038,2.894,3.64
20130822,0.0253,2.892,3.63
20130823,0.0279,2.814,3.55
20130826,0.033,2.789,3.52
20130827,0.0507,2.712,3.45
20130828,0.033,2.767,3.5
20130829,0.0253,2.764,3.45
20130830,0.0253,2.789,3.46
20130902,0.0279,2.789,#N/A
20130903,0.0177,2.863,3.54
20130904,0.0203,2.9,3.56
20130905,0.0253,3,3.64
20130906,0.0228,2.935,3.62
20130909,0.0101,2.918,3.6
20130910,0.0203,2.969,3.65
20130911,0.0228,2.912,3.61
20130912,0.0203,2.911,3.6
20130913,0.0203,2.887,3.59
20130916,0.0152,2.866,3.61
20130917,0.0101,2.853,3.57
20130918,0.0127,2.693,3.46
20130919,0.0076,2.756,3.52
20130920,0.0076,2.735,3.5
20130923,0.0152,2.704,3.46
20130924,0.0228,2.657,3.4
20130925,0.0203,2.631,3.37
20130926,0.0051,2.655,3.41
20130927,0.0152,2.63,3.4
20130930,0.0127,2.611,3.41
20131001,0.0203,2.654,3.43
20131002,0.0127,2.619,3.41
20131003,0.0279,2.609,3.4
20131004,0.0253,2.647,3.43
20131007,0.0228,2.629,3.41
20131008,0.0507,2.635,3.41
20131009,0.0456,2.663,3.43
20131010,0.0482,2.683,3.46
20131011,0.0482,2.694,3.45
20131014,0.0659,2.691,#N/A
20131015,0.1344,2.73,3.5
20131016,0.0963,2.669,3.43
20131017,0.0456,2.594,3.36
20131018,0.0304,2.582,3.36
20131021,0.033,2.604,3.39
20131022,0.033,2.514,3.31
20131023,0.038,2.503,3.29
20131024,0.0355,2.525,3.3
20131025,0.038,2.515,3.3
20131028,0.038,2.525,3.31
20131029,0.038,2.509,3.31
20131030,0.038,2.543,3.33
20131031,0.0406,2.558,3.33
20131101,0.0406,2.62,3.4
20131104,0.0456,2.607,3.4
20131105,0.0507,2.673,3.46
20131106,0.0532,2.646,3.46
20131107,0.0608,2.604,3.41
20131108,0.0608,2.753,3.55
20131111,0.0608,2.753,#N/A
20131112,0.071,2.774,3.57
20131113,0.0786,2.701,3.54
20131114,0.0761,2.692,3.49
20131115,0.0735,2.706,3.5
20131118,0.0837,2.668,3.46
20131119,0.0837,2.71,3.5
20131120,0.0837,2.801,3.61
20131121,0.0786,2.7888,3.59
20131122,0.0761,2.7463,3.54
20131125,0.0735,2.7328,3.53
20131126,0.0735,2.713,3.5
20131127,0.0735,2.7391,3.52
20131128,0.0659,2.7391,#N/A
20131129,0.0634,2.7481,3.54
20131202,0.0558,2.7988,3.58
20131203,0.0558,2.7879,3.56
20131204,0.0532,2.837,3.63
20131205,0.0583,2.8781,3.65
20131206,0.0608,2.858,3.63
20131209,0.071,2.8444,3.61
20131210,0.0583,2.807,3.56
20131211,0.071,2.8608,3.61
20131212,0.071,2.8828,3.63
20131213,0.0684,2.8701,3.61
20131216,0.0684,2.8805,3.63
20131217,0.0684,2.8421,3.6
20131218,0.0659,2.8934,3.63
20131219,0.0684,2.9294,3.64
20131220,0.0684,2.9294,3.57
20131223,0.068,2.9332,3.6
20131224,0.068,2.9332,3.66
20131225,0.0735,2.9824,#N/A
20131226,0.0659,2.9946,3.68
20131227,0.0659,3.004,3.7
20131230,0.0583,3.004,3.66
20131231,0.0583,2.9734,3.72
20140101,0.0659,3.004,#N/A
20140102,0.071,2.9734,3.68
20140103,0.071,3.0016,3.69
20140106,0.0532,2.9616,3.66
20140107,0.0431,2.9431,3.64
20140108,0.0406,2.9943,3.67
20140109,0.0406,2.9683,3.62
20140110,0.0406,2.9683,3.54
20140113,0.0355,2.8306,3.52
20140114,0.0355,2.8732,3.54
20140115,0.0406,2.8964,3.55
20140116,0.0355,2.8465,3.52
20140117,0.0355,2.8465,3.5
20140120,0.038,2.8245,#N/A
20140121,0.0406,2.8365,3.5
20140122,0.0355,2.8697,3.52
20140123,0.0406,2.7813,3.44
20140124,0.0456,2.72,3.4
20140127,0.0532,2.7547,3.43
20140128,0.0507,2.7593,3.43
20140129,0.0456,2.6808,3.36
20140130,0.0228,2.6953,3.4
20140131,0.0228,2.6498,3.35
20140203,0.0456,2.5801,3.29
20140204,0.0558,2.6334,3.33
20140205,0.0634,2.6734,3.4
20140206,0.071,2.7025,3.42
20140207,0.0862,2.6842,3.39
20140210,0.0862,2.6842,3.38
20140211,0.0532,2.7272,3.42
20140212,0.0532,2.7933,3.45
20140213,0.0279,2.7339,3.4
20140214,0.0279,2.7339,3.41
20140217,0.0228,2.75,#N/A
20140218,0.0532,2.7078,3.4
20140219,0.0558,2.7392,3.42
20140220,0.0507,2.7518,3.44
20140221,0.0406,2.7518,3.41
20140224,0.0456,2.741,3.42
20140225,0.0456,2.705,3.37
20140226,0.0456,2.67,3.34
20140227,0.0406,2.6414,3.31
20140228,0.0507,2.6494,3.31
20140303,0.0456,2.6039,3.27
20140304,0.0456,2.6986,3.36
20140305,0.0583,2.7067,3.36
20140306,0.0532,2.7391,3.4
20140307,0.0532,2.7898,3.45
20140310,0.0406,2.7807,3.45
20140311,0.0482,2.7698,3.43
20140312,0.0482,2.7336,3.38
20140313,0.0482,2.6464,3.31
20140314,0.0532,2.6546,3.3
20140317,0.0532,2.6941,3.34
20140318,0.0456,2.6743,3.33
20140319,0.0583,2.771,3.39
20140320,0.0583,2.771,3.4
20140321,0.0532,2.7465,3.34
20140324,0.0482,2.7302,3.31
20140325,0.0532,2.7483,3.32
20140326,0.0456,2.694,3.29
20140327,0.038,2.6831,3.25
20140328,0.0406,2.7219,3.29
20140331,0.038,2.7192,3.31
20140401,0.038,2.7555,3.35
20140402,0.0228,2.8066,3.4
20140403,0.0203,2.7993,3.38
20140404,0.0279,2.7228,3.33
20140407,0.0304,2.7046,3.3
20140408,0.033,2.6838,3.28
20140409,0.0355,2.6928,3.31
20140410,0.0355,2.6485,3.24
20140411,0.0355,2.6288,3.22
20140414,0.0355,2.6486,3.23
20140415,0.0355,2.6305,3.2
20140416,0.033,2.6323,3.2
20140417,0.033,2.6323,3.27
20140418,0.0304,2.7229,#N/A
20140421,0.033,2.7174,3.27
20140422,0.033,2.7137,3.25
20140423,0.0203,2.6973,3.22
20140424,0.0101,2.6828,3.22
20140425,0.0152,2.6627,3.2
20140428,0.0152,2.6627,3.23
20140429,0.0177,2.6936,3.25
20140430,0.0279,2.6472,3.22
20140501,0.0253,2.6155,3.16
20140502,0.0253,2.6155,3.12
20140505,0.0253,2.5847,3.16
20140506,0.0279,2.5936,3.13
20140507,0.0304,2.6176,3.12
20140508,0.0304,2.6177,3.17
20140509,0.0279,2.6268,3.18
20140512,0.0253,2.6628,3.21
20140513,0.0253,2.6107,3.17
20140514,0.0279,2.5445,3.09
20140515,0.0253,2.4911,3.05
20140516,0.0228,2.5249,3.07
20140519,0.0253,2.5445,3.11
20140520,0.033,2.5124,3.1
20140521,0.0355,2.5356,3.13
20140522,0.038,2.5517,3.15
20140523,0.038,2.5517,3.12
20140526,0.033,2.5356,#N/A
20140527,0.0304,2.516,3.09
20140528,0.0355,2.4449,3.01
20140529,0.0355,2.4679,3.03
20140530,0.0355,2.4768,3.05
20140602,0.0355,2.5285,3.1
20140603,0.038,2.6021,3.17
20140604,0.038,2.6039,3.18
20140605,0.0355,2.5842,3.17
20140606,0.0355,2.5896,3.17
20140609,0.033,2.6059,3.18
20140610,0.038,2.6457,3.2
20140611,0.0431,2.6421,3.2
20140612,0.0406,2.5987,3.14
20140613,0.0355,2.6063,3.14
20140616,0.038,2.599,3.14
20140617,0.0406,2.6535,3.19
20140618,0.0228,2.5864,3.16
20140619,0.0177,2.619,3.2
20140620,0.0203,2.6082,3.18
20140623,0.0228,2.6282,3.18
20140624,0.0279,2.5793,3.14
20140625,0.0279,2.5613,3.12
20140626,0.0355,2.5315,3.08
20140627,0.0279,2.536,3.1
20140630,0.038,2.5324,3.08
20140701,0.033,2.5667,3.13
20140702,0.0228,2.6266,3.2
20140703,0.0228,2.6266,3.21
20140704,0.0127,2.6377,#N/A
20140707,0.0228,2.614,3.17
20140708,0.0304,2.5569,3.12
20140709,0.0279,2.5524,3.1
20140710,0.0228,2.5363,3.1
20140711,0.0228,2.52,3.07
20140714,0.0228,2.5472,3.1
20140715,0.0253,2.549,3.1
20140716,0.0253,2.5273,3.08
20140717,0.0177,2.4498,3.01
20140718,0.0177,2.4498,3.03
20140721,0.0279,2.4695,3.01
20140722,0.0304,2.4632,3
20140723,0.0279,2.4677,3
20140724,0.0253,2.5056,3.04
20140725,0.033,2.4676,2.99
20140728,0.0253,2.4857,3.01
20140729,0.0228,2.4604,2.97
20140730,0.033,2.5582,3.06
20140731,0.033,2.56,3.07
20140801,0.0253,2.4947,3.03
20140804,0.0304,2.482,3.04
20140805,0.0279,2.4865,3.02
20140806,0.0279,2.4865,3.01
20140807,0.0253,2.4135,2.97
20140808,0.0279,2.4251,2.97
20140811,0.0304,2.4287,2.97
20140812,0.0304,2.4494,3
20140813,0.0355,2.4334,2.97
20140814,0.033,2.4024,2.93
20140815,0.0304,2.3415,2.86
20140818,0.0355,2.3944,2.92
20140819,0.033,2.4033,2.94
20140820,0.0304,2.4299,2.95
20140821,0.0253,2.4068,2.92
20140822,0.0228,2.4051,2.9
20140825,0.0279,2.3856,2.88
20140826,0.0304,2.398,2.89
20140827,0.033,2.359,2.85
20140828,0.033,2.3369,2.82
20140829,0.033,2.3369,2.83
20140901,0.0279,2.3448,#N/A
20140902,0.0203,2.4229,2.91
20140903,0.0253,2.398,2.9
20140904,0.0304,2.4515,2.95
20140905,0.0304,2.4587,2.97
20140908,0.0152,2.473,2.97
20140909,0.0177,2.5054,2.97
20140910,0.0203,2.5414,3.01
20140911,0.0203,2.5526,3.02
20140912,0.0203,2.5526,3.1
20140915,0.0177,2.5908,3.09
20140916,0.0177,2.5945,3.11
20140917,0.0203,2.6218,3.12
20140918,0.0152,2.6183,3.12
20140919,0.0152,2.5765,3.05
20140922,0.0127,2.5765,3.04
20140923,0.0177,2.525,3.01
20140924,0.0101,2.5658,3.04
20140925,0.0127,2.5033,2.98
20140926,0.0177,2.5033,2.99
20140929,0.0127,2.4791,2.95
20140930,0.0228,2.4917,2.98
20141001,0.0253,2.3858,2.87
20141002,0.0203,2.427,2.9
20141003,0.0177,2.436,2.89
20141006,0.0177,2.4216,2.88
20141007,0.0127,2.3402,2.81
20141008,0.0101,2.3233,2.82
20141009,0.0101,2.3146,2.81
20141010,0.0101,2.3146,2.77
20141013,0.0101,2.2834,#N/A
20141014,0.0177,2.1967,2.68
20141015,0.0228,2.1396,2.64
20141016,0.0253,2.1606,2.66
20141017,0.0279,2.1939,2.7
20141020,0.0076,2.1921,2.68
20141021,0.0177,2.2202,2.72
20141022,0.0228,2.2175,2.73
20141023,0.0076,2.2733,2.77
20141024,0.0127,2.2715,2.77
20141027,0.0177,2.2625,2.75
20141028,0.0127,2.2963,2.79
20141029,0.0177,2.3178,2.79
20141030,0.0127,2.307,2.77
20141031,0.0127,2.307,2.81
20141103,0.0203,2.3445,2.8
20141104,0.0279,2.3347,2.78
20141105,0.0279,2.3445,2.79
20141106,0.0279,2.3886,2.83
20141107,0.0279,2.2997,2.76
20141110,0.0228,2.2997,2.81
20141111,0.0228,2.3625,#N/A
20141112,0.0177,2.3779,2.81
20141113,0.0127,2.3425,2.8
20141114,0.0127,2.3222,2.77
20141117,0.0203,2.3426,2.79
20141118,0.0177,2.3169,2.77
20141119,0.0127,2.3612,2.8
20141120,0.0127,2.34,2.78
20141121,0.0127,2.34,2.75
20141124,0.0127,2.309,2.74
20141125,0.0279,2.2579,2.69
20141126,0.0279,2.2447,2.67
20141127,0.0152,2.2447,#N/A
20141128,0.0177,2.1667,2.62
20141201,0.0203,2.2359,2.66
20141202,0.0127,2.2941,2.72
20141203,0.0127,2.2799,2.71
20141204,0.0228,2.2359,2.66
20141205,0.0203,2.3083,2.69
20141208,0.0127,2.2588,2.62
20141209,0.0127,2.2129,2.58
20141210,0.033,2.1656,2.54
20141211,0.0279,2.1648,2.54
20141212,0.0279,2.0828,2.45
20141215,0.033,2.1202,2.45
20141216,0.038,2.0601,2.4
20141217,0.0279,2.1376,2.46
20141218,0.0431,2.2112,2.54
20141219,0.0355,2.1637,2.48
20141222,0.0431,2.1637,2.47
20141223,0.0177,2.2651,2.57
20141224,0.0177,2.2651,2.56
20141225,0.0203,2.2651,#N/A
20141226,0.0101,2.2509,2.54
20141229,0.0076,2.2032,2.51
20141230,0.0228,2.2032,2.49
20141231,0.0228,2.1881,2.47
20150101,0.0228,2.1881,#N/A
20150102,0.0253,2.1116,2.41
20150105,0.0253,2.033,2.32
20150106,0.033,1.9438,2.25
20150107,0.0279,1.9713,2.25
20150108,0.0228,2.0198,2.33
20150109,0.0228,1.9494,2.29
20150112,0.0279,1.9105,2.23
20150113,0.0304,1.9018,2.24
20150114,0.0304,1.8572,2.2
20150115,0.0304,1.7176,2.12
20150116,0.0304,1.8387,2.17
20150119,0.0228,1.8396,#N/A
20150120,0.0228,1.7934,2.15
20150121,0.0279,1.8737,2.2
20150122,0.0228,1.865,2.21
20150123,0.0203,1.7996,2.12
20150126,0.0228,1.8269,2.14
20150127,0.0228,1.825,2.15
20150128,0.0228,1.7201,2.05
20150129,0.0152,1.7531,2.11
20150130,0.0152,1.646,2.04
20150202,0.0203,1.6677,2.07
20150203,0.0228,1.7934,2.16
20150204,0.0152,1.7506,2.17
20150205,0.0152,1.8223,2.2
20150206,0.0228,1.9586,2.28
20150209,0.0177,1.9795,2.28
20150210,0.0152,1.9795,2.33
20150211,0.0152,2.0182,2.33
20150212,0.0152,1.9862,2.33
20150213,0.0152,1.9862,2.39
20150216,0.0152,2.0539,#N/A
20150217,0.0152,2.1396,2.49
20150218,0.0228,2.0801,2.46
20150219,0.0203,2.1151,2.5
20150220,0.0203,2.1125,2.5
20150223,0.0203,2.0592,2.44
20150224,0.0228,1.9809,2.38
20150225,0.0203,1.9696,2.35
20150226,0.0228,2.0304,2.39
20150227,0.0177,1.9948,2.38
20150302,0.0177,2.0855,2.46
20150303,0.0177,2.1189,2.49
20150304,0.0152,2.1181,2.49
20150305,0.0127,2.1172,2.49
20150306,0.0101,2.2441,2.63
20150309,0.0152,2.1898,2.58
20150310,0.0152,2.1332,2.51
20150311,0.0203,2.1103,2.47
20150312,0.0279,2.1193,2.47
20150313,0.0253,2.1132,2.48
20150316,0.0456,2.0736,2.45
20150317,0.0482,2.0517,2.4
20150318,0.0406,1.9227,2.31
20150319,0.0228,1.9704,2.33
20150320,0.0127,1.9321,2.29
20150323,0.0177,1.9113,2.29
20150324,0.0228,1.8732,2.24
20150325,0.033,1.926,2.28
20150326,0.033,1.993,2.37
20150327,0.0355,1.9633,2.29
20150330,0.0253,1.9476,2.32
20150331,0.033,1.925,2.31
20150401,0.0304,1.8574,2.23
20150402,0.0304,1.8574,2.29
20150403,0.0203,1.8382,2.24
20150406,0.0228,1.8971,2.31
20150407,0.0253,1.8857,2.27
20150408,0.0228,1.9057,2.28
20150409,0.0279,1.9633,2.35
20150410,0.0203,1.9493,2.33
20150413,0.0253,1.9318,2.33
20150414,0.0203,1.8987,2.29
20150415,0.0203,1.8908,2.3
20150416,0.0203,1.8891,2.31
20150417,0.0177,1.8638,2.26
20150420,0.0253,1.8898,2.31
20150421,0.0279,1.9107,2.33
20150422,0.0279,1.9807,2.42
20150423,0.0253,1.9579,2.38
20150424,0.0253,1.9088,2.36
20150427,0.0228,1.9228,2.36
20150428,0.0228,1.9228,2.42
20150429,0.0127,2.0425,2.49
20150430,0.0101,2.0337,2.49
20150501,0.0101,2.0337,2.57
20150504,0.0177,2.1173,2.62
20150505,0.0177,2.146,2.64
20150506,0.0152,2.2434,2.72
20150507,0.0152,2.1838,2.63
20150508,0.0127,2.1498,2.63
20150511,0.0228,2.2836,2.76
20150512,0.0177,2.2528,2.75
20150513,0.0177,2.1722,2.79
20150514,0.0177,2.2319,2.76
20150515,0.0177,2.1451,2.66
20150518,0.0228,2.2355,2.75
20150519,0.0177,2.2921,2.79
20150520,0.0279,2.2497,2.79
20150521,0.0203,2.1915,2.71
20150522,0.0203,2.1915,2.73
20150525,0.0177,2.211,#N/A
20150526,0.0203,2.1398,2.64
20150527,0.0152,2.1302,2.63
20150528,0.0127,2.1355,2.64
20150529,0.0076,2.1267,2.63
20150601,0.0102,2.1811,2.69
20150602,0.0127,2.2642,2.77
20150603,0.0178,2.366,2.87
20150604,0.0153,2.3088,2.78
20150605,0.0203,2.4112,2.87
20150608,0.0229,2.3833,2.86
20150609,0.0178,2.4384,2.89
20150610,0.0229,2.4838,2.96
20150611,0.0153,2.3774,2.84
20150612,0.0178,2.3974,2.84
20150615,0.0127,2.3579,2.83
20150616,0.0127,2.3113,2.79
20150617,0.0076,2.3185,2.82
20150618,0.0076,2.3347,2.86
20150619,0.0076,2.2614,2.76
20150622,0.0076,2.3763,2.87
20150623,0.0153,2.4088,2.92
20150624,0.0127,2.371,2.87
20150625,0.0076,2.4108,2.88
20150626,0.0076,2.4746,2.98
20150629,-0.0025,2.3262,2.82
20150630,0.0178,2.3587,2.83
20150701,0.0203,2.4239,2.92
20150702,0.0102,2.3832,2.9
20150703,0.0102,2.3832,#N/A
20150706,0.0153,2.287,2.78
20150707,0.0178,2.2592,2.74
20150708,0.0178,2.195,2.69
20150709,0.0178,2.3196,2.8
20150710,0.0153,2.4012,2.91
20150713,0.0153,2.4541,2.92
20150714,0.0152,2.4013,2.9
20150715,0.0177,2.3533,2.83
20150716,0.0203,2.3534,2.81
20150717,0.0228,2.3499,2.77
20150720,0.0356,2.3753,2.79
20150721,0.033,2.3292,2.77
20150722,0.0356,2.322,2.73
20150723,0.0356,2.2689,2.67
20150724,0.0407,2.2636,2.67
20150727,0.0458,2.2178,2.64
20150728,0.0559,2.251,2.66
20150729,0.0585,2.2871,2.69
20150730,0.0737,2.2574,2.66
20150731,0.0686,2.1839,2.61
20150803,0.0686,2.15,2.55
20150804,0.0864,2.2234,2.59
20150805,0.0788,2.2711,2.64
20150806,0.0407,2.2225,2.59
20150807,0.0661,2.1625,2.52
20150810,0.1166,2.2262,2.58
20150811,0.104,2.142,2.5
20150812,0.0989,2.1482,2.52
20150813,0.0989,2.1853,2.54
20150814,0.0913,2.1986,2.54
20150817,0.0788,2.1695,2.51
20150818,0.0915,2.1943,2.56
20150819,0.0458,2.1274,2.49
20150820,0.0203,2.0687,2.45
20150821,0.0305,2.0382,2.44
20150824,0.0229,2.0052,2.42
20150825,0.0636,2.0723,2.54
20150826,0.0636,2.177,2.64
20150827,0.0559,2.185,2.61
20150828,0.0585,2.1824,2.61
20150831,0.028,2.2197,2.64
20150901,0.0508,2.1542,2.62
20150902,0.0254,2.1861,2.66
20150903,0.0229,2.1605,2.64
20150904,0.0229,2.1605,2.58
20150907,0.033,2.127,#N/A
20150908,0.0456,2.1837,2.66
20150909,0.0355,2.2006,2.64
20150910,0.0228,2.2231,2.66
20150911,0.033,2.1894,2.63
20150914,0.0483,2.1859,2.62
20150915,0.0636,2.286,2.73
20150916,0.061,2.2969,2.75
20150917,0.0025,2.1914,2.69
20150918,0.0025,2.1914,2.58
20150921,-0.0076,2.1347,2.67
20150922,0.0025,2.2022,2.6
20150923,0.0076,2.1481,2.6
20150924,0.0102,2.1286,2.55
20150925,-0.0152,2.1642,2.6
20150928,0.0076,2.0959,2.51
20150929,0.0153,2.0562,2.48
20150930,0.0153,2.0395,2.51
20151001,-0.0152,2.0378,2.49
20151002,0.0025,1.9939,2.44
20151005,-0.0051,2.0563,2.52
20151006,-0.0051,2.0317,2.5
20151007,-0.0025,2.066,2.51
20151008,0.0076,2.1043,2.56
20151009,0.0076,2.1043,2.55
20151012,0.0076,2.0884,#N/A
20151013,0.0076,2.0424,2.49
20151014,-0.0025,1.9755,2.42
20151015,0.0025,1.9755,2.46
20151016,0.0102,2.0345,2.46
20151019,0.0178,2.0239,2.48
20151020,0.0178,2.0699,2.53
20151021,0.0102,2.0248,2.48
20151022,0.0076,2.0301,2.48
20151023,0.0127,2.0904,2.54
20151026,0.0229,2.0558,2.5
20151027,0.0203,2.039,2.48
20151028,0.0483,2.1012,2.5
20151029,0.0661,2.1727,2.6
20151030,0.0788,2.145,2.57
20151102,0.0786,2.145,2.6
20151103,0.0659,2.2117,2.65
20151104,0.0583,2.2234,2.66
20151105,0.0456,2.2316,2.68
20151106,0.0837,2.3282,2.76
20151109,0.1093,2.3438,2.79
20151110,0.1348,2.3438,2.76
20151111,0.1348,2.332,#N/A
20151112,0.1348,2.3133,2.75
20151113,0.122,2.2711,2.72
20151116,0.1246,2.2702,2.72
20151117,0.1373,2.2667,2.69
20151118,0.1271,2.2737,2.7
20151119,0.1042,2.25,2.66
20151120,0.1042,2.25,2.68
20151123,0.122,2.2377,2.66
20151124,0.1627,2.2386,2.65
20151125,0.1627,2.2341,2.64
20151126,0.1882,2.2341,#N/A
20151127,0.1754,2.221,2.64
20151130,0.2085,2.2069,2.63
20151201,0.2136,2.144,2.55
20151202,0.2111,2.1789,2.55
20151203,0.2085,2.3162,2.72
20151204,0.2212,2.2702,2.65
20151207,0.2467,2.2279,2.59
20151208,0.2823,2.2191,2.61
20151209,0.2594,2.2138,2.59
20151210,0.2416,2.2305,2.6
20151211,0.2263,2.1288,2.49
20151214,0.2442,2.2208,2.59
20151215,0.2594,2.2676,2.62
20151216,0.2671,2.2968,2.65
20151217,0.2263,2.2225,2.57
20151218,0.1856,2.2058,2.54
20151221,0.1678,2.1908,2.55
20151222,0.1678,2.1908,2.6
20151223,0.2034,2.2543,2.64
20151224,0.2034,2.2543,2.61
20151225,0.206,2.2419,#N/A
20151228,0.1983,2.2313,2.59
20151229,0.2187,2.305,2.69
20151230,0.2187,2.305,2.69
20151231,0.1856,2.2961,2.67
20160101,0.1729,2.2703,#N/A
20160104,0.1856,2.2428,2.64
20160105,0.2111,2.2383,2.67
20160106,0.206,2.1711,2.59
20160107,0.2136,2.1473,2.56
20160108,0.2136,2.1473,2.55
20160111,0.2009,2.1754,2.59
20160112,0.2136,2.1032,2.51
20160113,0.2238,2.0936,2.47
20160114,0.2518,2.09,2.51
20160115,0.2518,2.09,2.44
20160118,0.2391,2.0374,#N/A
20160119,0.2543,2.0556,2.45
20160120,0.2645,1.9833,2.41
20160121,0.2874,2.032,2.42
20160122,0.3052,2.0554,2.46
20160125,0.3129,2.0047,2.42
20160126,0.3154,1.9959,2.41
20160127,0.3205,1.9985,2.42
20160128,0.3307,1.9766,2.41
20160129,0.3179,1.9226,2.36
20160201,0.3536,1.9477,2.38
20160202,0.3485,1.8474,2.27
20160203,0.3383,1.8878,2.3
20160204,0.2976,1.8412,2.29
20160205,0.2976,1.8348,2.27
20160208,0.3103,1.7474,2.17
20160209,0.3154,1.7277,2.16
20160210,0.3154,1.7277,2.13
20160211,0.29,1.6607,2.06
20160212,0.29,1.6607,2.15
20160215,0.2899,1.7533,#N/A
20160216,0.2849,1.7749,2.19
20160217,0.3103,1.8173,2.24
20160218,0.3027,1.7422,2.17
20160219,0.2976,1.7457,2.17
20160222,0.3129,1.7509,2.18
20160223,0.3281,1.7234,2.16
20160224,0.3358,1.7501,2.16
20160225,0.3281,1.7148,2.14
20160226,0.3179,1.7641,2.2
20160229,0.3129,1.7641,2.19
20160301,0.3332,1.8266,2.28
20160302,0.3078,1.8406,2.27
20160303,0.2823,1.8354,2.23
20160304,0.2721,1.8767,2.29
20160307,0.3052,1.9075,2.3
20160308,0.3154,1.8287,2.22
20160309,0.3052,1.8769,2.27
20160310,0.3205,1.9342,2.29
20160311,0.3205,1.9902,2.34
20160314,0.3332,1.9611,2.33
20160315,0.3434,1.97,2.33
20160316,0.318,1.9082,2.32
20160317,0.295,1.896,2.28
20160318,0.295,1.896,2.26
20160321,0.3052,1.9165,2.31
20160322,0.3052,1.9413,2.32
20160323,0.3103,1.8796,2.25
20160324,0.3103,1.8796,2.28
20160325,0.29,1.9,#N/A
20160328,0.2849,1.887,2.26
20160329,0.2314,1.8062,2.2
20160330,0.2009,1.8264,2.24
20160331,0.2085,1.7696,2.2
20160401,0.2314,1.7715,2.2
20160404,0.2212,1.761,2.19
20160405,0.2289,1.7219,2.13
20160406,0.234,1.7567,2.17
20160407,0.2391,1.6872,2.1
20160408,0.2314,1.7194,2.13
20160411,0.2162,1.7238,2.14
20160412,0.234,1.7779,2.18
20160413,0.234,1.764,2.16
20160414,0.2289,1.7921,2.18
20160415,0.2289,1.7528,2.14
20160418,0.2111,1.7721,2.17
20160419,0.2212,1.7827,2.19
20160420,0.2365,1.847,2.25
20160421,0.234,1.8656,2.29
20160422,0.2365,1.8871,2.3
20160425,0.2365,1.9112,2.32
20160426,0.2518,1.9317,2.35
20160427,0.2492,1.8518,2.3
20160428,0.2492,1.8518,2.27
20160429,0.2187,1.8325,2.26
20160502,0.2238,1.8325,2.31
20160503,0.2238,1.8725,2.24
20160504,0.2085,1.7982,2.22
20160505,0.1983,1.7446,2.17
20160506,0.1983,1.7772,2.2
20160509,0.234,1.75,2.18
20160510,0.2518,1.7632,2.18
20160511,0.2569,1.7283,2.15
20160512,0.2696,1.7498,2.18
20160513,0.2747,1.7001,2.14
20160516,0.2696,1.7551,2.18
20160517,0.3103,1.7749,2.18
20160518,0.295,1.8547,2.27
20160519,0.3078,1.8496,2.24
20160520,0.3179,1.8401,2.24
20160523,0.3536,1.835,2.23
20160524,0.3536,1.8629,2.25
20160525,0.3332,1.8699,2.27
20160526,0.29,1.8299,2.24
20160527,0.29,1.8299,2.25
20160530,0.3154,1.8493,#N/A
20160531,0.3434,1.8476,2.23
20160601,0.3027,1.8372,2.22
20160602,0.2849,1.7998,2.17
20160603,0.2925,1.703,2.09
20160606,0.279,1.7375,2.12
20160607,0.267,1.7177,2.1
20160608,0.2435,1.7057,2.08
20160609,0.2638,1.686,2.05
20160610,0.2536,1.6448,2.02
20160613,0.2747,1.6122,2.01
20160614,0.2721,1.6139,2
20160615,0.262,1.5738,1.99
20160616,0.2594,1.5814,1.96
20160617,0.2645,1.6113,1.99
20160620,0.279,1.6904,2.03
20160621,0.2765,1.7086,2.07
20160622,0.2739,1.687,2.06
20160623,0.3044,1.7416,2.12
20160624,0.2536,1.5574,1.96
20160627,0.2562,1.437,1.83
20160628,0.2638,1.4656,1.83
20160629,0.2663,1.5156,1.86
20160630,0.2689,1.4706,1.86
20160701,0.2689,1.4706,1.81
20160704,0.2612,1.4442,#N/A
20160705,0.2689,1.3759,1.72
20160706,0.2765,1.3717,1.72
20160707,0.2892,1.3867,1.72
20160708,0.2815,1.3605,1.69
20160711,0.2925,1.432,1.73
20160712,0.3027,1.5084,1.82
20160713,0.3078,1.4786,1.77
20160714,0.3154,1.5357,1.84
20160715,0.3154,1.5357,1.9
20160718,0.312,1.5846,1.9
20160719,0.3222,1.5519,1.88
20160720,0.3272,1.5845,1.91
20160721,0.3196,1.5553,1.9
20160722,0.3222,1.5673,1.9
20160725,0.2968,1.5759,1.9
20160726,0.3146,1.5647,1.89
20160727,0.2942,1.4995,1.84
20160728,0.246,1.5063,1.83
20160729,0.2638,1.4524,1.78
20160801,0.2739,1.5259,1.84
20160802,0.2841,1.5568,1.88
20160803,0.2765,1.5447,1.88
20160804,0.2638,1.5026,1.84
20160805,0.2689,1.5904,1.91
20160808,0.29,1.5938,1.91
20160809,0.2976,1.5489,1.86
20160810,0.2976,1.5489,1.83
20160811,0.29,1.5601,1.89
20160812,0.2798,1.5144,1.85
20160815,0.2714,1.5584,1.9
20160816,0.2816,1.5746,1.92
20160817,0.2993,1.55,1.9
20160818,0.2942,1.5364,1.89
20160819,0.3018,1.5807,1.93
20160822,0.2993,1.5441,1.88
20160823,0.312,1.5475,1.88
20160824,0.3196,1.5628,1.89
20160825,0.3272,1.5765,1.91
20160826,0.3247,1.6322,1.96
20160829,0.3247,1.5603,1.9
20160830,0.3323,1.568,1.91
20160831,0.3349,1.5809,1.9
20160901,0.3272,1.5689,1.9
20160902,0.3272,1.5689,1.95
20160905,0.3272,1.6049,#N/A
20160906,0.3383,1.5357,1.9
20160907,0.3434,1.5391,1.89
20160908,0.346,1.5973,1.98
20160909,0.346,1.6758,2.05
20160912,0.373,1.6637,2.05
20160913,0.3603,1.729,2.12
20160914,0.3272,1.6986,2.1
20160915,0.2917,1.6925,2.13
20160916,0.2917,1.6925,2.1
20160919,0.2917,1.7119,2.1
20160920,0.2993,1.6893,2.09
20160921,0.2993,1.6893,2.06
20160922,0.175,1.6201,2.02
20160923,0.1775,1.6211,2.02
20160926,0.2486,1.584,2
20160927,0.2689,1.5582,1.96
20160928,0.279,1.5703,1.96
20160929,0.2587,1.5591,1.95
20160930,0.2765,1.5954,1.99
20161003,0.318,1.6213,2.01
20161004,0.3281,1.6882,2.08
20161005,0.3281,1.704,2.11
20161006,0.3332,1.7373,2.14
20161007,0.3332,1.7373,2.14
20161010,0.3256,1.7209,#N/A
20161011,0.35,1.7648,2.17
20161012,0.3603,1.7693,2.19
20161013,0.2892,1.7422,2.15
20161014,0.3095,1.8041,2.22
20161017,0.3298,1.7662,2.19
20161018,0.3425,1.7372,2.18
20161019,0.3298,1.746,2.18
20161020,0.3349,1.7575,2.17
20161021,0.3323,1.7348,2.15
20161024,0.3196,1.7684,2.18
20161025,0.3476,1.757,2.17
20161026,0.3298,1.7933,2.2
20161027,0.2917,1.8529,2.26
20161028,0.2866,1.8496,2.27
20161031,0.3511,1.8248,2.25
20161101,0.3612,1.8266,2.24
20161102,0.3612,1.8266,2.22
20161103,0.374,1.8125,2.25
20161104,0.3663,1.7773,2.22
20161107,0.4085,1.8271,2.26
20161108,0.4288,1.8549,2.29
20161109,0.4339,2.0529,2.52
20161110,0.4339,2.1518,2.58
20161111,0.4796,2.1518,#N/A
20161114,0.5254,2.2614,2.65
20161115,0.4949,2.2198,2.64
20161116,0.4619,2.2225,2.61
20161117,0.4339,2.3017,2.69
20161118,0.439,2.3557,2.7
20161121,0.4822,2.3163,2.69
20161122,0.4822,2.3163,2.69
20161123,0.4898,2.3525,2.71
20161124,0.5127,2.3525,#N/A
20161125,0.5025,2.359,2.71
20161128,0.4873,2.3115,2.68
20161129,0.4847,2.2919,2.66
20161130,0.4949,2.3837,2.73
20161201,0.4745,2.4517,2.82
20161202,0.4771,2.384,2.78
20161205,0.4873,2.3968,2.76
20161206,0.5,2.3905,2.77
20161207,0.5,2.3419,2.73
20161208,0.5101,2.4098,2.81
20161209,0.5406,2.4647,2.87
20161212,0.5356,2.4721,2.86
20161213,0.5406,2.4725,2.85
20161214,0.5406,2.5746,2.86
20161215,0.5127,2.6053,2.89
20161216,0.5025,2.5918,2.91
20161219,0.5127,2.5421,2.85
20161220,0.5228,2.5597,2.88
20161221,0.5152,2.5368,2.86
20161222,0.5152,2.5368,2.86
20161223,0.505,2.5526,2.86
20161226,0.5126,2.5421,#N/A
20161227,0.5406,2.5607,2.88
20161228,0.5152,2.5091,2.83
20161229,0.4593,2.4752,2.82
20161230,0.4593,2.4752,2.79
20170102,0.4593,2.4752,#N/A
20170103,0.5279,2.4455,2.78
20170104,0.5305,2.4401,2.78
20170105,0.5254,2.3481,2.69
20170106,0.5254,2.3481,2.73
20170109,0.5152,2.3676,2.69
20170110,0.5178,2.3795,2.69
20170111,0.5101,2.3732,2.68
20170112,0.5228,2.3616,2.68
20170113,0.5228,2.3616,2.71
20170116,0.533,2.3976,#N/A
20170117,0.5432,2.3256,2.66
20170118,0.5355,2.4299,2.74
20170119,0.5127,2.4733,2.77
20170120,0.505,2.4671,2.79
20170123,0.5127,2.3992,2.72
20170124,0.5101,2.4665,2.78
20170125,0.5,2.5128,2.84
20170126,0.505,2.5056,2.82
20170127,0.5152,2.4855,2.8
20170130,0.5254,2.4894,2.82
20170131,0.5203,2.4617,2.78
20170201,0.5127,2.472,2.8
20170202,0.505,2.474,2.8
20170203,0.505,2.4641,2.82
20170206,0.5305,2.4079,2.76
20170207,0.5355,2.3924,2.74
20170208,0.5432,2.3212,2.68
20170209,0.5432,2.3947,2.74
20170210,0.5406,2.4081,2.75
20170213,0.5305,2.4349,2.77
20170214,0.5457,2.4707,2.81
20170215,0.5355,2.495,2.84
20170216,0.5254,2.4493,2.8
20170217,0.5254,2.4493,2.78
20170220,0.5152,2.4155,#N/A
20170221,0.5305,2.4299,2.78
20170222,0.5178,2.4138,2.78
20170223,0.5101,2.372,2.75
20170224,0.5177,2.3152,2.69
20170227,0.5,2.365,2.72
20170228,0.6118,2.3962,2.7
20170301,0.6372,2.4553,2.81
20170302,0.6728,2.4779,2.84
20170303,0.7058,2.4789,2.83
20170306,0.7263,2.5006,2.84
20170307,0.7542,2.5179,2.85
20170308,0.7339,2.5606,2.89
20170309,0.7389,2.6083,2.94
20170310,0.7465,2.5757,2.94
20170313,0.767,2.6233,2.97
20170314,0.7746,2.6023,2.94
20170315,0.739,2.4968,2.87
20170316,0.7364,2.5404,2.89
20170317,0.7364,2.5404,2.86
20170320,0.7568,2.4646,2.83
20170321,0.7695,2.4186,2.79
20170322,0.772,2.407,2.76
20170323,0.7644,2.4223,2.76
20170324,0.772,2.4134,2.74
20170327,0.767,2.3775,2.73
20170328,0.7899,2.4198,2.77
20170329,0.7797,2.3785,2.74
20170330,0.7644,2.4208,2.78
20170331,0.7567,2.3858,2.76
20170403,0.7644,2.3213,2.71
20170404,0.7924,2.3634,2.72
20170405,0.7975,2.3374,2.71
20170406,0.8026,2.341,2.72
20170407,0.8203,2.3824,2.74
20170410,0.8179,2.3653,2.72
20170411,0.8153,2.2972,2.67
20170412,0.8077,2.2393,2.65
20170413,0.8077,2.2393,2.62
20170414,0.8102,2.2351,#N/A
20170417,0.8128,2.2519,2.65
20170418,0.8179,2.1721,2.56
20170419,0.8051,2.2146,2.59
20170420,0.7949,2.2323,2.61
20170421,0.7872,2.2483,2.61
20170424,0.8179,2.2751,2.65
20170425,0.823,2.3343,2.71
20170426,0.828,2.3074,2.69
20170427,0.8051,2.2975,2.68
20170428,0.8,2.285,2.67
20170501,0.851,2.3191,2.71
20170502,0.851,2.3191,2.68
20170503,0.8255,2.2805,2.7
20170504,0.8509,2.3201,2.73
20170505,0.8738,2.349,2.73
20170508,0.9044,2.3889,2.76
20170509,0.9095,2.398,2.79
20170510,0.8993,2.4148,2.79
20170511,0.8738,2.39,2.78
20170512,0.8763,2.3257,2.74
20170515,0.8993,2.345,2.76
20170516,0.9121,2.3248,2.74
20170517,0.9044,2.2234,2.65
20170518,0.9171,2.2286,2.64
20170519,0.9119,2.2346,2.63
20170522,0.9044,2.2555,2.64
20170523,0.9248,2.2808,2.68
20170524,0.9299,2.2519,2.65
20170525,0.9298,2.2554,2.65
20170526,0.9298,2.2554,2.65
20170529,0.9348,2.2482,#N/A
20170530,0.9477,2.2089,2.61
20170531,0.9782,2.2045,2.6
20170601,0.9757,2.2106,2.6
20170602,0.9756,2.1591,2.53
20170605,0.9758,2.1825,2.56
20170606,0.9808,2.1477,2.53
20170607,0.9808,2.1477,2.56
20170608,0.9935,2.1737,2.57
20170609,1.0011,2.1902,2.59
20170612,1.0087,2.1988,2.59
20170613,1,2.2145,2.6
20170614,1.0088,2.212,2.53
20170615,1.0114,2.1266,2.52
20170616,1.0113,2.1622,2.52
20170619,1.0087,2.1333,2.53
20170620,1.0191,2.1916,2.49
20170621,1.019,2.1584,2.48
20170622,0.9884,2.1636,2.47
20170623,0.9553,2.1487,2.48
20170626,0.9603,2.1442,2.46
20170627,0.9859,2.138,2.52
20170628,1.0139,2.207,2.55
20170629,1.0088,2.2272,2.59
20170630,1.0292,2.2677,2.61
20170703,1.0265,2.3056,2.65
20170704,1.0265,2.3056,#N/A
20170705,1.0496,2.3492,2.63
20170706,1.047,2.3233,2.68
20170707,1.0394,2.3679,2.71
20170710,1.0367,2.3875,2.7
20170711,1.0522,2.375,2.69
20170712,1.0522,2.3607,2.65
20170713,1.0547,2.3197,2.69
20170714,1.0317,2.3466,2.67
20170717,1.0367,2.334,2.65
20170718,1.0573,2.3153,2.61
20170719,1.07,2.2602,2.61
20170720,1.1082,2.2708,2.6
20170721,1.1413,2.2601,2.57
20170724,1.1718,2.2414,2.59
20170725,1.1975,2.2564,2.67
20170726,1.1694,2.3375,2.65
20170727,1.1311,2.2875,2.68
20170728,1.1056,2.3151,2.65
20170731,1.08,2.2892,2.66
20170801,1.0624,2.2954,2.61
20170802,1.0776,2.2535,2.6
20170803,1.0725,2.2713,2.56
20170804,1.0827,2.2224,2.61
20170807,1.0698,2.2658,2.6
20170808,1.0394,2.2533,2.63
20170809,1.0573,2.264,2.59
20170810,1.047,2.2483,2.55
20170811,1.0419,2.1993,2.55
20170814,1.0393,2.1941,2.57
20170815,1.0267,2.2194,2.6
20170816,1.0318,2.2737,2.58
20170817,1.0343,2.2255,2.54
20170818,1.0088,2.1844,2.54
20170821,1.0113,2.1957,2.52
20170822,1.0038,2.18,2.55
20170823,1.0114,2.214,2.51
20170824,1.0012,2.166,2.53
20170825,1.0216,2.1956,2.51
20170828,1.0164,2.1676,2.51
20170829,1.0216,2.1597,2.48
20170830,1.0292,2.1292,2.49
20170831,1.0241,2.1336,2.47
20170901,0.9961,2.1187,2.51
20170904,0.9961,2.1187,#N/A
20170905,1.0138,2.1674,2.43
20170906,1.0292,2.0622,2.46
20170907,1.0649,2.1055,2.4
20170908,1.0445,2.0387,2.41
20170911,1.0444,2.0524,2.49
20170912,1.0522,2.1323,2.52
20170913,1.042,2.169,2.53
20170914,1.0394,2.1902,2.52
20170915,1.0546,2.1867,2.52
20170918,1.0393,2.206,2.56
20170919,1.0445,2.2298,2.57
20170920,1.042,2.2483,2.59
20170921,1.0419,2.2687,2.57
20170922,1.0521,2.2775,2.57
20170925,1.0214,2.2518,2.53
20170926,1.0522,2.22,2.54
20170927,1.0649,2.2385,2.62
20170928,1.0623,2.3114,2.63
20170929,1.0572,2.3087,2.63
20171002,1.0572,2.3338,2.64
20171003,1.042,2.341,2.63
20171004,1.0674,2.3258,2.64
20171005,1.0725,2.3249,2.65
20171006,1.0699,2.35,2.68
20171009,1.0699,2.35,#N/A
20171010,1.0724,2.3608,2.65
20171011,1.0878,2.3618,2.64
20171012,1.0929,2.3501,2.62
20171013,1.0801,2.3207,2.58
20171016,1.0724,2.2742,2.58
20171017,1.0749,2.3055,2.58
20171018,1.1006,2.3011,2.62
20171019,1.0954,2.3459,2.6
20171020,1.1056,2.3181,2.67
20171023,1.1081,2.3839,2.66
20171024,1.0981,2.3686,2.7
20171025,1.121,2.4175,2.72
20171026,1.1107,2.4329,2.74
20171027,1.1031,2.463,2.71
20171030,1.103,2.4077,2.66
20171031,1.1338,2.3706,2.66
20171101,1.1465,2.3787,2.63
20171102,1.1668,2.3733,2.61
20171103,1.1668,2.3444,2.59
20171106,1.182,2.3328,2.58
20171107,1.1975,2.3174,2.56
20171108,1.2153,2.3166,2.57
20171109,1.2306,2.324,2.59
20171110,1.2306,2.3406,2.67
20171113,1.2304,2.3992,2.67
20171114,1.2358,2.4091,2.64
20171115,1.2587,2.3726,2.58
20171116,1.2459,2.3213,2.62
20171117,1.2662,2.3771,2.59
20171120,1.2661,2.3435,2.6
20171121,1.2791,2.3683,2.58
20171122,1.3122,2.363,2.57
20171123,1.3122,2.363,#N/A
20171124,1.2917,2.3187,2.58
20171127,1.2712,2.3427,2.57
20171128,1.2842,2.3401,2.58
20171129,1.2969,2.3277,2.62
20171130,1.302,2.3882,2.65
20171201,1.2637,2.4097,2.58
20171204,1.2738,2.3624,2.58
20171205,1.2944,2.3723,2.55
20171206,1.3071,2.3509,2.53
20171207,1.2918,2.3394,2.58
20171208,1.2815,2.3652,2.59
20171211,1.2814,2.378,2.59
20171212,1.3123,2.3897,2.6
20171213,1.3378,2.4031,2.56
20171214,1.3045,2.3433,2.53
20171215,1.3121,2.3513,2.52
20171218,1.3146,2.3576,2.57
20171219,1.3531,2.3935,2.66
20171220,1.3786,2.4682,2.71
20171221,1.3836,2.4991,2.68
20171222,1.3504,2.4855,2.68
20171225,1.3504,2.4855,#N/A
20171226,1.3324,2.483,2.66
20171227,1.4552,2.4795,2.59
20171228,1.4449,2.4343,2.6
20171229,1.3861,2.4325,2.58
20180101,1.3861,2.4325,#N/A
20180102,1.3885,2.4074,2.64
20180103,1.3986,2.4635,2.62
20180104,1.4015,2.4482,2.62
20180105,1.404,2.4536,2.64
20180108,1.4064,2.4774,2.65
20180109,1.4497,2.4794,2.72
20180110,1.4424,2.5544,2.73
20180111,1.4168,2.5563,2.72
20180112,1.4295,2.538,2.71
20180115,1.4295,2.538,#N/A
20180116,1.4472,2.5484,2.69
20180117,1.4348,2.5374,2.71
20180118,1.4449,2.5899,2.77
20180119,1.4372,2.625,2.78
20180122,1.4345,2.6605,2.79
20180123,1.4323,2.6504,2.77
20180124,1.422,2.614,2.8
20180125,1.4398,2.6478,2.76
20180126,1.4244,2.621,2.79
20180129,1.4243,2.6622,2.82
20180130,1.4348,2.6949,2.86
20180131,1.4679,2.7157,2.83
20180201,1.4832,2.7721,2.9
20180202,1.483,2.8453,2.97
20180205,1.488,2.7962,2.92
20180206,1.5216,2.7671,2.94
20180207,1.5343,2.8419,3.01
20180208,1.5496,2.8511,3.03
20180209,1.5519,2.8258,3.02
20180212,1.5621,2.8548,3.02
20180213,1.6008,2.8339,2.99
20180214,1.5803,2.9104,3.07
20180215,1.5904,2.8885,3.04
20180216,1.6106,2.8777,3.02
20180219,1.5953,2.8777,#N/A
20180220,1.608,2.8941,3.04
20180221,1.6416,2.9372,3.11
20180222,1.6364,2.9161,3.09
20180223,1.6311,2.8669,3.04
20180226,1.6438,2.8569,3.03
20180227,1.6647,2.9062,3.06
20180228,1.6467,2.8697,3.02
20180301,1.6236,2.8006,2.97
20180302,1.649,2.8533,3.02
20180305,1.6617,2.8826,3.04
20180306,1.6749,2.8753,3.03
20180307,1.6748,2.8836,3.04
20180308,1.6594,2.8662,3.01
20180309,1.6643,2.8938,3.04
20180312,1.677,2.8681,3
20180313,1.7107,2.8465,2.98
20180314,1.7643,2.8164,2.94
20180315,1.7642,2.8256,2.94
20180316,1.7767,2.8439,2.96
20180319,1.769,2.842,2.97
20180320,1.7976,2.876,3.01
20180321,1.7387,2.9036,3.01
20180322,1.7182,2.8302,2.94
20180323,1.7307,2.8275,2.94
20180326,1.7434,2.8403,2.96
20180327,1.7567,2.791,2.9
20180328,1.7285,2.7792,2.89
20180329,1.7182,2.7383,2.85
20180330,1.7182,2.7383,#N/A
20180402,1.723,2.7282,2.85
20180403,1.7388,2.7856,2.9
20180404,1.7081,2.7883,2.91
20180405,1.7156,2.8267,2.95
20180406,1.718,2.7819,2.89
20180409,1.7179,2.7892,2.89
20180410,1.7235,2.7975,2.89
20180411,1.7259,2.7856,2.87
20180412,1.7438,2.8354,2.92
20180413,1.7512,2.8226,2.91
20180416,1.7511,2.8345,2.91
20180417,1.7797,2.8116,2.89
20180418,1.8078,2.865,2.95
20180419,1.8205,2.9131,3.01
20180420,1.81,2.9523,3.04
20180423,1.815,2.9691,3.05
20180424,1.8565,2.9879,3.08
20180425,1.8487,3.0254,3.12
20180426,1.8205,2.9889,3.08
20180427,1.8125,2.9582,3.03
20180430,1.8099,2.933,3.01
20180501,1.8437,2.9723,3.03
20180502,1.8334,2.9639,3.04
20180503,1.8307,2.95,3.02
20180504,1.833,2.9436,3.02
20180507,1.8227,2.9483,3.02
20180508,1.8693,2.9633,3.04
20180509,1.8768,3.0056,3.07
20180510,1.887,2.9658,3.04
20180511,1.8969,2.9668,3.03
20180514,1.8994,2.9887,3.06
20180515,1.9179,3.076,3.14
20180516,1.9076,3.0918,3.16
20180517,1.9075,3.1048,3.19
20180518,1.8995,3.0642,3.14
20180521,1.9071,3.0661,3.13
20180522,1.9307,3.0624,3.14
20180523,1.9229,3.0026,3.09
20180524,1.91,2.9733,3.06
20180525,1.8994,2.9277,3.01
20180528,1.8994,2.9277,#N/A
20180529,1.8891,2.7693,2.87
20180530,1.9229,2.8441,2.93
20180531,1.9151,2.8305,2.91
20180601,1.9097,2.8894,2.96
20180604,1.8943,2.935,3
20180605,1.9358,2.9113,2.99
20180606,1.9459,2.9736,3.05
20180607,1.9305,2.9299,3
20180608,1.9123,2.9355,3
20180611,1.9019,2.9584,3.02
20180612,1.9307,2.9538,3.02
20180613,1.9357,2.9796,3.04
20180614,1.933,2.9428,2.99
20180615,1.9378,2.9227,2.98
20180618,1.9224,2.9273,2.98
20180619,1.9307,2.8934,2.95
20180620,1.9255,2.9227,2.99
20180621,1.9305,2.8971,2.97
20180622,1.9225,2.898,2.97
20180625,1.8943,2.8751,2.95
20180626,1.9307,2.876,2.95
20180627,1.9152,2.824,2.9
20180628,1.9177,2.8459,2.91
20180629,1.9148,2.8504,2.91
20180702,1.9352,2.8641,2.92
20180703,1.969,2.8303,2.89
20180704,1.969,2.8303,#N/A
20180705,1.9484,2.8388,2.88
20180706,1.9506,2.8196,2.87
20180709,1.948,2.8579,2.9
20180710,1.9819,2.8689,2.91
20180711,1.9613,2.8423,2.89
20180712,1.9663,2.8515,2.89
20180713,1.9609,2.8295,2.87
20180716,1.9812,2.8551,2.9
20180717,2.0152,2.8633,2.91
20180718,1.9895,2.8734,2.93
20180719,1.9919,2.8413,2.9
20180720,1.9737,2.8835,2.96
20180723,1.9633,2.9667,3.04
20180724,1.9972,2.9481,3.02
20180725,1.9997,2.9352,3
20180726,1.9868,2.9704,3.05
20180727,1.9865,2.9603,3.03
20180730,1.9838,2.977,3.05
20180731,2.0331,2.9668,3.03
20180801,2.0253,2.9966,3.07
20180802,2.0124,2.9827,3.06
20180803,2.0018,2.9501,3.03
20180806,2.0068,2.9372,3.02
20180807,2.0485,2.9725,3.06
20180808,2.0381,2.9697,3.05
20180809,2.0534,2.9321,3.01
20180810,2.0351,2.8597,2.96
20180813,2.0452,2.8741,2.97
20180814,2.0664,2.8895,2.98
20180815,2.0714,2.8524,2.95
20180816,2.0662,2.8696,2.95
20180817,2.0402,2.8677,2.95
20180820,2.0401,2.8226,2.91
20180821,2.0639,2.846,2.93
20180822,2.0818,2.8207,2.91
20180823,2.0765,2.818,2.9
20180824,2.0864,2.8216,2.89
20180827,2.1093,2.8441,2.92
20180828,2.1253,2.8849,2.96
20180829,2.1277,2.8795,2.96
20180830,2.102,2.8577,2.93
20180831,2.1015,2.8504,2.95
20180903,2.099,2.8604,#N/A
20180904,2.1142,2.9004,2.99
20180905,2.1329,2.8995,3
20180906,2.1251,2.8762,2.98
20180907,2.1272,2.9391,3.03
20180910,2.1374,2.9346,3.02
20180911,2.1612,2.9795,3.06
20180912,2.1559,2.9603,3.04
20180913,2.1481,2.9621,3.04
20180914,2.1477,2.9861,3.07
20180917,2.1476,3.0027,3.07
20180918,2.1663,3.0472,3.14
20180919,2.1585,3.0806,3.16
20180920,2.1609,3.0742,3.15
20180921,2.1733,3.0659,3.14
20180924,2.1655,3.0762,3.15
20180925,2.2073,3.1005,3.17
20180926,2.2046,3.0577,3.14
20180927,2.184,3.0503,3.13
20180928,2.1887,3.0541,3.13
20181001,2.1937,3.0784,3.18
20181002,2.2253,3.056,3.14
20181003,2.2328,3.1581,3.24
20181004,2.2122,3.1934,3.29
20181005,2.2167,3.2315,3.34
20181008,2.2143,3.2296,#N/A
20181009,2.2345,3.206,3.3
20181010,2.2738,3.2212,3.33
20181011,2.2609,3.1325,3.25
20181012,2.2681,3.1383,3.25
20181015,2.2782,3.1629,3.27
20181016,2.2996,3.1573,3.26
20181017,2.3046,3.1725,3.29
20181018,2.307,3.1744,3.28
20181019,2.3066,3.1974,3.31
20181022,2.309,3.188,3.31
20181023,2.3304,3.1643,3.29
20181024,2.3328,3.1229,3.24
20181025,2.3301,3.1333,3.27
20181026,2.3219,3.0741,3.23
20181029,2.309,3.0836,3.23
20181030,2.3278,3.1062,3.26
20181031,2.3277,3.1506,3.3
20181101,2.3121,3.1375,3.29
20181102,2.3194,3.2126,3.37
20181105,2.3192,3.2003,3.34
20181106,2.3535,3.2118,3.35
20181107,2.3559,3.2068,3.35
20181108,2.3506,3.2289,3.36
20181109,2.3474,3.1856,3.32
20181112,2.35,3.1828,#N/A
20181113,2.3473,3.1424,3.28
20181114,2.3738,3.1195,3.26
20181115,2.3608,3.1158,3.27
20181116,2.3501,3.0738,3.23
20181119,2.3525,3.0528,3.22
20181120,2.3817,3.0509,3.22
20181121,2.4019,3.0582,3.22
20181122,2.3993,3.0627,#N/A
20181123,2.4014,3.039,3.21
20181126,2.3936,3.0681,3.22
20181127,2.3971,3.0553,3.22
20181128,2.3866,3.0425,3.23
20181129,2.366,3.0352,3.21
20181130,2.3578,3.0115,3.19
20181203,2.3423,2.9851,3.15
20181204,2.4176,2.9172,3.05
20181205,2.4073,2.9109,#N/A
20181206,2.4044,2.8707,3.01
20181207,2.3911,2.849,3.01
20181210,2.3807,2.8561,3
20181211,2.4125,2.8776,3.02
20181212,2.4277,2.9036,3.04
20181213,2.4173,2.9099,3.05
20181214,2.4194,2.8881,3.03
20181217,2.391,2.8538,3
20181218,2.3765,2.8232,2.96
20181219,2.3866,2.7712,2.89
20181220,2.3865,2.7828,2.92
20181221,2.3835,2.7879,2.92
20181224,2.3857,2.7404,2.88
20181225,2.3857,2.7404,#N/A
20181226,2.4328,2.7912,2.94
20181227,2.4019,2.7348,2.92
20181228,2.3809,2.7381,2.89
20181231,2.4484,2.6836,2.87
20190101,2.4484,2.6836,#N/A
20190102,2.4123,2.6605,2.83
20190103,2.407,2.561,2.75
20190104,2.4065,2.6567,2.83
20190107,2.4064,2.6806,2.86
20190108,2.4458,2.7187,2.88
20190109,2.4405,2.7284,2.9
20190110,2.4224,2.7292,2.92
20190111,2.4194,2.6977,2.9
20190114,2.4141,2.7083,2.91
20190115,2.4407,2.71,2.92
20190116,2.4174,2.7268,2.92
20190117,2.4044,2.7446,2.93
20190118,2.3987,2.7811,2.95
20190121,2.3987,2.7847,2.92
20190122,2.4088,2.7343,2.91
20190123,2.4072,2.7521,2.93
20190124,2.3634,2.7117,2.89
20190125,2.3758,2.7491,2.92
20190128,2.3833,2.7445,2.92
20190129,2.415,2.7112,2.9
20190130,2.4149,2.6931,2.9
20190131,2.3993,2.6306,2.83
20190201,2.3937,2.6855,2.88
20190204,2.3833,2.7222,2.92
20190205,2.4048,2.7023,2.89
20190206,2.42,2.6995,2.88
20190207,2.4121,2.6518,2.85
20190208,2.4142,2.633,2.82
20190211,2.4269,2.6634,2.85
20190212,2.4304,2.6868,2.87
20190213,2.4277,2.7066,2.89
20190214,2.4198,2.6563,2.85
20190215,2.4218,2.6662,2.84
20190218,2.4218,2.6653,#N/A
20190219,2.419,2.6456,2.84
20190220,2.438,2.65,2.84
20190221,2.4481,2.6905,2.89
20190222,2.4424,2.651,2.86
20190225,2.4474,2.6743,2.87
20190226,2.4407,2.6312,2.84
